Node_Name,Incoming_Edges,Outgoing_Edges,Total_Edges
MAPK1,220,345,565
GSK3B,72,430,502
SRC,144,327,471
PRKCA,68,400,468
MAPK14,107,358,465
MAPK3,177,255,432
CDK1,35,381,416
TP53,205,184,389
AKT1,124,260,384
PRKACA,35,335,370
CDK2,42,327,369
TNF,106,241,347
MAPK8,128,214,342
EGFR,152,166,318
RPS6KA3,22,240,262
ATM,51,200,251
CSNK2A1,7,235,242
PRKCB,19,216,235
TGFB1,59,169,228
CTNNB1,168,48,216
ABL1,54,157,211
STAT3,146,61,207
MYC,117,84,201
FOXO1,56,138,194
AR,124,63,187
FYN,52,135,187
ESR1,119,67,186
PRKDC,23,160,183
INSR,61,111,172
RAC1,116,55,171
EGF,34,134,168
IL1B,54,107,161
EP300,53,108,161
CSNK2A2,1,159,160
EPHB2,98,55,153
MAPK9,47,102,149
PTK2,94,54,148
IGF1R,37,111,148
PRKCD,37,110,147
CDKN1A,121,25,146
LYN,44,102,146
ITGB1,112,32,144
CREB1,72,70,142
UBE2I,3,138,141
RB1,62,78,140
ERBB2,71,68,139
PPP2CA,23,115,138
IL6,71,66,137
JAK2,79,57,136
CASP3,57,78,135
RHOA,86,47,133
AGT,24,105,129
HRAS,46,82,128
VEGFA,65,63,128
PPARG,79,48,127
RAF1,77,50,127
JUN,85,41,126
FOXO3,43,82,125
NR3C1,59,64,123
SMAD3,87,36,123
PTEN,45,78,123
E2F1,53,66,119
CSNK1E,22,97,119
PRKAA1,17,101,118
PRKAB1,22,95,117
HOXA9,14,101,115
SP1,39,76,115
NOTCH1,61,52,113
PLK1,20,93,113
IFNG,23,90,113
HIF1A,70,43,113
CREBBP,35,76,111
PAK1,45,65,110
LCK,26,83,109
NGF,2,106,108
RELA,79,28,107
PTPN11,40,67,107
INS,24,82,106
BCL2,83,23,106
CDK5,16,89,105
STAT1,71,34,105
AKT2,31,72,103
CDKN1B,90,10,100
IKBKB,54,46,100
MDM2,68,32,100
CAMK2A,12,87,99
TP63,16,83,99
MAPK10,20,78,98
HNF1A,6,91,97
ADRB2,69,28,97
FGF2,22,74,96
CSK,38,58,96
JAK1,54,40,94
MTOR,38,56,94
NFE2L2,61,33,94
RPS6KB1,46,47,93
IRS1,70,23,93
CSNK1A1,4,88,92
STAT5A,65,27,92
GNAI1,76,16,92
PPP2CB,6,86,92
SYK,35,56,91
ATR,14,77,91
MAP2K1,52,39,91
PRKG1,6,84,90
PLCG1,68,21,89
CALM3,6,82,88
MET,41,47,88
PRKCZ,12,75,87
GNAI3,75,12,87
PTPN6,31,56,87
NFKBIA,75,11,86
IGF1,25,60,85
CCND1,68,17,85
SMAD2,68,16,84
CXCL8,59,25,84
ITGAV,47,37,84
SHC1,60,23,83
CASP8,52,31,83
CDC42,45,37,82
BAD,74,8,82
PRKACB,5,76,81
MYOD1,65,16,81
CDH1,60,21,81
PTPN1,22,57,79
GNAQ,56,23,79
HNF4A,30,49,79
RPS6KA1,26,53,79
FAS,44,35,79
FGFR1,48,30,78
CSNK1D,5,73,78
RARA,30,48,78
CXCL12,13,64,77
GSK3A,27,50,77
BRCA1,47,30,77
PRKD1,28,48,76
IRF5,12,64,76
AURKA,23,53,76
PPP1CA,10,65,75
KDR,40,35,75
MEF2C,57,18,75
PDGFRB,35,40,75
PDPK1,27,46,73
CHUK,34,39,73
NOS3,59,14,73
SGK1,18,55,73
SIRT1,25,48,73
SMAD4,56,16,72
RXRA,47,25,72
CBL,41,31,72
ROCK1,24,47,71
MAPT,68,3,71
NKX2-1,8,62,70
IL18,17,53,70
IL4,27,42,69
IRF7,12,57,69
CHEK1,20,49,69
MAPKAPK2,11,57,68
MAP2K6,22,46,68
FN1,30,38,68
PRKCE,16,51,67
PIK3R1,56,11,67
PTK2B,35,31,66
MAP3K5,47,19,66
F2,14,52,66
NANOG,20,45,65
HGF,14,51,65
TGFBR1,30,35,65
TRAF6,31,33,64
CEBPB,39,25,64
LRP6,60,4,64
CEBPA,40,24,64
GRB2,34,29,63
PIK3CA,40,23,63
PTGS2,37,26,63
APP,31,32,63
GNAS,43,20,63
PPARGC1A,27,36,63
CXCR4,40,22,62
HCK,16,46,62
PXN,43,19,62
IL10,26,36,62
CD40,25,36,61
CAPN1,22,39,61
MAP3K7,31,30,61
FOS,51,10,61
SPI1,14,46,60
PLAU,30,30,60
NRG1,8,52,60
PRKAA2,13,47,60
BCL2L1,44,15,59
ITGB3,51,8,59
BAX,48,11,59
EGR1,22,37,59
PPARA,31,27,58
AURKB,13,45,58
CAV1,28,28,56
GNAI2,18,38,56
DAPK1,26,30,56
GNAO1,52,4,56
TLR4,28,28,56
RUNX2,35,20,55
MMP2,42,13,55
NFKB1,42,13,55
FLT3,11,44,55
YAP1,31,24,55
NRF1,12,43,55
BRAF,31,23,54
ADRA2A,45,9,54
CDK4,24,30,54
BCAR1,34,20,54
CDKN2A,34,20,54
GRK2,19,34,53
MEF2A,37,16,53
MAP3K1,29,24,53
IL2,18,35,53
VAV1,30,22,52
GNAZ,50,2,52
CHEK2,19,33,52
MTNR1A,44,8,52
TWIST1,17,35,52
AKT3,25,27,52
ICAM1,37,15,52
ITGA5,34,18,52
HDAC1,21,31,52
KIT,32,19,51
GRM7,47,4,51
ETS1,31,20,51
CD44,42,9,51
PIM1,8,42,50
ITGB2,43,7,50
PARP1,27,23,50
CASP9,44,6,50
PPP1CC,5,45,50
ERBB3,35,15,50
BMP2,15,34,49
RET,21,28,49
KRAS,20,29,49
SMAD7,24,25,49
SMAD1,36,13,49
STK11,21,27,48
NCOA1,15,33,48
CSF2,23,25,48
FOXM1,12,36,48
TRIM28,19,29,48
STK4,27,20,47
TYK2,28,19,47
FGFR2,35,12,47
SMO,18,29,47
CAMK2G,12,35,47
MAP2K2,26,20,46
ITGA2,38,8,46
GNA14,46,0,46
ULK1,19,27,46
DVL1,27,19,46
BID,35,11,46
F2R,14,32,46
GLI1,37,9,46
SRF,35,11,46
VIM,42,4,46
PPP1CB,7,38,45
TBK1,23,22,45
TRAF2,27,18,45
HSP90AA1,21,24,45
ITGA6,25,20,45
CDC25A,31,13,44
THBS1,12,32,44
WNT1,11,33,44
AXIN1,28,16,44
JAK3,22,22,44
WNT5A,11,33,44
CASP7,25,18,43
MMP9,31,12,43
PRKCQ,11,32,43
TP73,33,10,43
RIPK1,27,16,43
ERBB4,25,18,43
IKBKE,17,26,43
FOXO4,21,21,42
THRA,31,11,42
LRP1,40,2,42
RUNX1,23,19,42
AGTR1,10,32,42
PAK2,18,24,42
HIPK2,11,31,42
GRAP2,16,26,42
BCL2L11,32,9,41
STAT6,21,20,41
TLR2,15,26,41
SOCS3,14,27,41
CCL2,25,16,41
KAT2B,5,36,41
TSC2,29,12,41
MAPK11,10,31,41
FADD,27,14,41
HSF1,32,8,40
FLNA,22,18,40
ITGB4,25,15,40
PDK1,13,27,40
CAMK2B,4,36,40
CAMK2D,6,34,40
NOX1,6,34,40
IL13,7,32,39
LRRK2,11,28,39
FGFR3,28,11,39
CASP1,12,27,39
HSPB1,27,12,39
IRF3,29,10,39
CRK,23,16,39
PRKCG,2,37,39
GNB2,25,14,39
CTTN,32,7,39
CDK6,18,20,38
MAP2K4,27,11,38
SREBF1,28,10,38
MAPK12,10,28,38
HES1,22,16,38
ATF2,27,11,38
NOS2,24,14,38
LEF1,23,15,38
NTRK1,18,20,38
IFNA1,9,29,38
VCAM1,30,8,38
TGFBR2,22,16,38
IL6ST,24,14,38
LRP2,36,2,38
BTK,14,23,37
CCL5,20,17,37
DVL2,24,13,37
STK3,24,13,37
IL1A,10,27,37
CD40LG,7,30,37
TNFSF10,17,20,37
ELAVL1,13,24,37
SPP1,21,16,37
NCOR2,16,21,37
MECP2,4,33,37
CAMK4,15,22,37
IKBKG,29,8,37
JUNB,27,10,37
POU5F1,12,24,36
HDAC3,16,20,36
ELK1,32,4,36
ERG,15,21,36
TP53BP1,31,5,36
DYRK1A,7,29,36
BECN1,29,7,36
ZAP70,17,19,36
H3-3B,36,0,36
BMPR1A,25,10,35
SDC4,27,8,35
DUSP1,20,15,35
ENG,31,4,35
ADAM17,17,18,35
IFNAR1,29,6,35
FGFR4,26,9,35
NR4A1,22,12,34
BMPR1B,27,7,34
EPHA2,21,13,34
PSEN1,27,7,34
MAP3K3,13,21,34
RPS6KA5,8,26,34
LRP5,31,3,34
TFEB,6,28,34
FOXA2,10,24,34
PPP3CA,6,28,34
PTPN12,14,19,33
MAP2K7,22,11,33
ABCB1,33,0,33
STAT5B,32,1,33
SUMO1,2,31,33
SERPINE1,24,9,33
YY1,18,15,33
NRAS,19,14,33
MAPK7,11,22,33
VDR,17,15,32
TSHR,26,6,32
HOXD3,1,31,32
SNAI2,20,12,32
SNAI1,22,10,32
EIF2AK2,19,13,32
RPS6KA2,9,23,32
MYB,24,8,32
GATA1,12,20,32
ABL2,10,22,32
SDC1,32,0,32
PCNA,20,12,32
CDC25C,28,4,32
SOCS1,18,14,32
MAP3K14,17,15,32
ITGA3,29,3,32
ROCK2,7,25,32
CTNND1,23,9,32
ILK,12,20,32
ITCH,13,19,32
MMP13,24,8,32
CSNK2B,6,26,32
IGFBP3,19,13,32
MYLK,25,6,31
PPM1A,2,29,31
C3,14,17,31
PRKCI,7,24,31
HDAC4,21,10,31
FZD3,21,10,31
BCL6,18,13,31
PTPN2,7,24,31
IFNB1,9,22,31
RXRB,17,14,31
GNAL,29,2,31
FLI1,13,18,31
ATF1,22,9,31
TNFRSF1A,17,14,31
KAT5,14,17,31
BMPR2,25,5,30
FGR,11,19,30
SKP2,13,17,30
WNT3A,7,23,30
MEF2D,25,5,30
EZH2,16,14,30
ATF4,12,18,30
PTH1R,19,11,30
CDK7,8,22,30
COL1A1,16,14,30
FGF1,6,24,30
VWF,6,24,30
CIITA,13,17,30
IRAK1,15,15,30
SOX9,13,17,30
IFNAR2,27,3,30
H2AX,25,5,30
EDN1,10,20,30
NR0B2,7,23,30
BHLHE40,14,16,30
CAMK1,8,22,30
PGR,25,5,30
LAT,20,10,30
FLT1,19,11,30
CRKL,18,12,30
BIRC5,22,8,30
PTPRJ,6,23,29
DLG4,24,5,29
MCL1,23,6,29
NOTCH2,21,8,29
SYN1,26,3,29
PLD1,20,9,29
PLAUR,24,5,29
VAV2,21,8,29
GLI2,21,8,29
H3C4,29,0,29
DNMT1,19,10,29
NF1,8,21,29
NFATC2,21,8,29
CCNB1,23,6,29
YES1,12,17,29
EIF4EBP1,26,3,29
APEX1,12,17,29
APC,20,9,29
GNA12,25,4,29
ITGAM,27,2,29
PPP3CB,2,27,29
PIK3CG,21,8,29
XIAP,20,9,29
MUC1,18,11,29
FOXL2,7,22,29
GATA3,17,12,29
FBXW7,11,18,29
MYCN,14,14,28
CST6,1,27,28
PPP3CC,3,25,28
DDIT3,15,13,28
ITGA4,22,6,28
TGFA,13,15,28
SREBF2,17,11,28
CDC25B,24,4,28
S1PR1,7,21,28
PRKG2,0,28,28
GATA6,9,19,28
ARRB1,8,20,28
MYOG,23,5,28
ACVR2B,20,8,28
CDK9,14,14,28
MAP4K1,19,9,28
NFATC1,23,5,28
GAB1,16,12,28
RBPJ,19,9,28
COL1A2,14,14,28
SOS1,17,11,28
KRT8,26,2,28
VTN,12,16,28
TCF3,21,7,28
NRP1,20,8,28
ZBTB16,10,17,27
NOTCH4,17,10,27
WWTR1,11,16,27
EZR,20,7,27
CXCL1,11,16,27
ITGA1,25,2,27
PRKN,10,17,27
POMC,9,18,27
HNRNPK,11,16,27
CCR5,22,5,27
SALL4,1,26,27
MARK2,14,13,27
BIRC2,13,14,27
BMP4,15,12,27
ADRB3,23,4,27
BDNF,10,17,27
RIPK2,13,14,27
GATA2,18,9,27
MAPK8IP1,12,15,27
PML,16,11,27
IRF1,12,15,27
EEF2K,25,2,27
BAK1,18,9,27
CFL1,21,6,27
CXCL10,12,15,27
CBLB,9,18,27
PAK4,8,19,27
CCN2,12,15,27
MAP3K11,17,9,26
AXL,12,14,26
NEDD9,16,10,26
CD28,10,16,26
DPP4,26,0,26
PLCB1,22,4,26
STMN1,26,0,26
H3-4,25,1,26
SNCA,22,4,26
NR2F2,12,14,26
ITGB5,21,5,26
CCR2,20,6,26
NTRK2,13,13,26
CCND3,20,6,26
PPM1D,7,19,26
PTPRC,9,17,26
MIF,9,17,26
SDC2,25,1,26
ADAM10,6,20,26
CYCS,24,2,26
MAPK13,7,19,26
ACVR1,19,7,26
BTRC,7,19,26
CRP,13,13,26
TERT,22,4,26
OSM,3,23,26
PDGFRA,13,13,26
NKX2-5,6,20,26
MMP1,16,10,26
SMURF1,5,20,25
EPHA4,13,12,25
RPS6KB2,15,10,25
ARNTL,17,8,25
EPOR,20,5,25
SHH,10,15,25
EPAS1,11,14,25
NPPA,10,15,25
GRK5,5,20,25
CD36,25,0,25
PIN1,11,14,25
BIRC3,13,12,25
CSF1R,12,13,25
NCOA3,18,7,25
CFTR,24,1,25
CLIP1,23,2,25
PPP2R5C,7,18,25
MAP3K8,9,16,25
ARNT,14,11,25
IL1R1,12,13,25
GH1,5,20,25
PTPRF,10,15,25
HBP1,5,20,25
DAPK3,6,19,25
PTK6,8,17,25
VCAN,9,16,25
PIAS1,8,17,25
HDAC5,20,4,24
ANXA1,16,8,24
SELE,19,5,24
POLD1,17,7,24
THRB,17,7,24
LPL,18,6,24
NOTCH3,18,6,24
WEE1,19,5,24
CCNE1,22,2,24
NPM1,18,6,24
GLI3,18,6,24
CASP6,13,11,24
ALK,7,17,24
PDGFB,5,19,24
CCL11,17,7,24
DAB2IP,6,18,24
ARRB2,7,17,24
CTSL,18,6,24
CASP2,16,8,24
GDNF,3,21,24
HBB,19,5,24
NCAM1,16,8,24
KMT2A,7,17,24
ESR2,10,14,24
GADD45A,16,8,24
ENO1,7,17,24
JAG1,18,6,24
HMGB1,3,21,24
MAVS,12,12,24
IL17A,6,18,24
NCF1,21,3,24
GNA13,18,6,24
ETS2,15,9,24
BMP7,6,18,24
RPTOR,23,1,24
IRS2,21,3,24
ID1,9,15,24
MITF,17,7,24
ADRB1,14,9,23
ZBTB17,6,17,23
FZD5,15,8,23
YWHAQ,13,10,23
SMAD5,15,8,23
MMP14,11,12,23
CDH5,21,2,23
DAXX,14,9,23
RASSF1,12,11,23
HNRNPA1,12,11,23
MAP2K3,18,5,23
TEK,12,11,23
CCR3,21,2,23
ITK,8,15,23
MYD88,15,8,23
GJA1,22,1,23
CSNK1G1,2,21,23
GAB2,18,5,23
CCL3,15,8,23
LEP,6,17,23
TLR3,8,15,23
PKM,17,6,23
PKN1,5,18,23
LDLR,20,3,23
TH,22,0,22
KDM6A,3,19,22
LIPE,21,1,22
RIN1,14,8,22
DDX58,15,7,22
ACP1,3,19,22
RBL2,16,6,22
NOD2,6,16,22
STUB1,5,17,22
HNF1B,3,19,22
HSPA1B,10,12,22
PIK3R2,21,1,22
LEPR,7,15,22
PLAG1,3,19,22
ELANE,9,13,22
PPP1R14A,19,3,22
RUNX3,5,17,22
ALOX5,18,4,22
ACVR2A,19,3,22
PTPN7,17,5,22
PTPRA,11,11,22
DVL3,15,7,22
DAB2,9,13,22
TAL1,14,8,22
WT1,12,10,22
KLK3,18,4,22
GRB10,16,6,22
BDKRB2,13,9,22
BCR,13,9,22
SOSTDC1,1,21,22
FZD8,17,5,22
SOD1,14,8,22
FGA,9,13,22
VASP,17,5,22
PSEN2,21,1,22
USF1,9,13,22
GRIN2B,22,0,22
SMAD6,6,16,22
PAX6,11,10,21
FZD1,14,7,21
S100A6,12,9,21
UBE3A,4,17,21
EIF4E,17,4,21
LIMK1,14,7,21
COPS5,5,16,21
CARM1,4,17,21
MAPKAPK5,11,10,21
EIF2S1,19,2,21
DOK1,11,10,21
HMGA1,15,6,21
MDM4,16,5,21
ROS1,11,10,21
RORA,6,15,21
APOB,10,11,21
KLF4,12,9,21
FUS,7,14,21
TJP1,9,12,21
TTK,8,13,21
HBEGF,9,12,21
BBC3,14,7,21
DIABLO,15,6,21
CD47,15,6,21
ACTB,15,6,21
TRAF3,17,4,21
LATS2,13,8,21
VIPR1,21,0,21
CXCR3,20,1,21
NOS1,16,5,21
PRKCH,2,19,21
FLT4,13,7,20
RHO,16,4,20
GTF2I,13,7,20
CCR1,18,2,20
IL12A,9,11,20
BCL3,14,6,20
CALCA,5,15,20
CAMKK2,10,10,20
SFTPA1,2,18,20
NFKB2,19,1,20
NCOR1,10,10,20
GYS1,20,0,20
TNNI3,20,0,20
MAP3K4,9,11,20
APOE,10,10,20
TIMP3,9,11,20
ACVR1B,14,6,20
CFLAR,14,6,20
ITGA2B,17,3,20
NR4A2,14,6,20
STAT2,16,4,20
LGALS3,13,7,20
PPARD,9,11,20
EFNB2,7,13,20
TIAM1,14,6,20
HDAC2,10,10,20
PRL,6,14,20
MAP2,20,0,20
HDAC7,14,6,20
TWIST2,1,19,20
PPP3R1,3,17,20
CALR,8,12,20
SQSTM1,14,6,20
MBP,20,0,20
ETV1,15,4,19
SMARCA4,6,13,19
MARCKS,14,5,19
CCND2,15,4,19
CCNA2,16,3,19
SLC9A1,15,4,19
MAP1B,18,1,19
CD14,8,11,19
SP3,7,12,19
TXN,9,10,19
YBX1,8,11,19
NUMA1,6,13,19
PBX1,8,11,19
CD274,16,3,19
EPHA3,10,9,19
RPS6KA4,11,8,19
HTR1A,11,8,19
MAP3K2,2,17,19
RAP1A,14,5,19
BRCA2,15,4,19
TOPBP1,12,7,19
RBL1,15,4,19
DLK1,13,6,19
DRD2,10,9,19
CRH,5,14,19
MYL9,17,2,19
RAMP2,19,0,19
CTBP1,10,9,19
ADCYAP1R1,19,0,19
CDX2,10,9,19
TCF4,13,6,19
MAX,12,7,19
NCOA2,8,11,19
RARB,12,7,19
HSP90AB1,12,7,19
TGFB2,2,17,19
NR5A1,15,4,19
NFATC3,16,3,19
DUSP3,3,16,19
BLM,16,3,19
INHBA,3,16,19
GRIN2A,17,2,19
APOA1,11,8,19
RPA2,15,4,19
CXCR2,17,1,18
LATS1,12,6,18
PLEC,18,0,18
VAV3,12,6,18
FZD2,11,7,18
SCN5A,18,0,18
PAWR,9,9,18
XBP1,14,4,18
UBE2N,5,13,18
RAMP3,18,0,18
PIM2,3,15,18
CAPN2,7,11,18
MMP3,9,9,18
NCL,12,6,18
PAK5,8,10,18
RXRG,9,9,18
FANCD2,13,5,18
ARHGAP32,11,7,18
PTTG1,13,5,18
SMURF2,5,13,18
CXCL11,5,13,18
ADM,5,13,18
ADORA2A,3,15,18
PDX1,14,4,18
DNMT3A,7,11,18
MSN,17,1,18
PLA2G4A,17,1,18
EPHB1,5,13,18
OCLN,14,4,18
CSF3,9,9,18
LCP2,16,2,18
MAPK6,13,5,18
GHR,10,8,18
NGFR,14,4,18
BMX,10,8,18
DNM1,15,3,18
CSF1,7,11,18
EIF2AK3,9,9,18
KLF9,7,11,18
IGF2,10,8,18
IL4R,7,11,18
MAP1LC3B,16,2,18
NLK,4,14,18
HOXA10,11,7,18
CD81,12,6,18
GFAP,17,1,18
NFIB,4,14,18
PTHLH,7,11,18
CRTC2,9,9,18
ARHGEF7,10,8,18
PER2,14,4,18
HMOX1,11,6,17
TNK2,8,9,17
TNFSF13B,4,13,17
IL6R,9,8,17
KDM1A,8,9,17
ARHGAP35,14,3,17
NEDD4L,9,8,17
FZD4,12,5,17
SGK3,2,15,17
IL16,7,10,17
DDR2,15,2,17
LIFR,11,6,17
MAML1,3,14,17
VIP,1,16,17
PAX8,9,8,17
TLX1,2,15,17
AREG,6,11,17
TSC1,13,4,17
PPP1R1A,16,1,17
TNFRSF11B,15,2,17
TNC,4,13,17
MRE11,14,3,17
NR1H2,11,6,17
PITX2,5,12,17
NR4A3,10,7,17
IRAK4,8,9,17
GRK6,2,15,17
CGA,7,10,17
TEC,7,10,17
GNA15,15,2,17
ACVRL1,10,7,17
PAK3,5,12,17
PEA15,11,6,17
PLD2,14,3,17
DCN,5,12,17
DCC,11,6,17
RYR1,15,2,17
RASA1,13,4,17
PER1,14,3,17
FOXA1,7,10,17
CTCF,6,11,17
RAD51,15,2,17
MYF5,16,1,17
SLC2A4,17,0,17
CREM,14,3,17
CTSB,9,8,17
TFRC,17,0,17
SPTBN1,17,0,17
TOP2A,16,0,16
POLR2A,16,0,16
CALD1,16,0,16
TCF7L2,16,0,16
SOCS2,5,11,16
FOSL1,16,0,16
DNM1L,16,0,16
FGF8,9,7,16
CXCL9,2,14,16
PRLR,12,4,16
TBX21,7,9,16
PEBP1,7,9,16
ID2,10,6,16
ERBIN,10,6,16
PRMT1,0,16,16
CEBPD,9,7,16
F3,14,2,16
F12,10,6,16
FASLG,11,5,16
NCK1,12,4,16
CARD11,11,5,16
MAP4K4,8,8,16
CCL7,10,6,16
ARHGEF6,9,7,16
ATF6,8,8,16
ATF3,10,6,16
PKD1,8,8,16
LPAR2,0,16,16
GNA11,9,7,16
HTRA2,11,5,16
NR2F1,9,7,16
RCAN1,15,1,16
PPM1B,3,13,16
TRADD,9,7,16
MDK,2,14,16
BMI1,11,5,16
ACTN1,11,5,16
GIT1,8,8,16
PMAIP1,11,5,16
IL2RA,14,2,16
WNT4,5,11,16
YWHAZ,14,2,16
YWHAH,5,11,16
JUND,12,4,16
FRS2,11,5,16
FZD7,12,4,16
EIF4B,15,1,16
RHEB,8,8,16
PPP4C,2,14,16
RAC2,8,8,16
LMNA,14,2,16
MEN1,2,14,16
SOX2,10,6,16
SIRPA,12,4,16
E2F4,6,10,16
CX3CL1,8,8,16
CDC20,11,5,16
CUX1,6,10,16
CTSD,12,4,16
KITLG,3,13,16
CDH2,13,3,16
ASCL1,13,3,16
CSNK1A1L,2,14,16
CD19,11,5,16
PIK3CB,13,2,15
MTA1,5,10,15
SOX10,1,14,15
PLCB3,14,1,15
PLCG2,14,1,15
DLG1,9,6,15
RBBP8,10,5,15
PRKAR2A,12,3,15
ROR2,9,6,15
SIX1,1,14,15
PPP5C,3,12,15
C5AR1,9,6,15
PTPN13,1,14,15
NEDD4,8,7,15
KEAP1,9,6,15
MC4R,7,8,15
PAX3,7,8,15
RPS6,15,0,15
HSPA5,12,3,15
PBK,6,9,15
KNG1,0,15,15
NME1,6,9,15
ITGB8,11,4,15
ADORA2B,2,13,15
GRM5,14,1,15
ESRRA,8,7,15
EPO,3,12,15
BTG2,7,8,15
ANXA2,9,6,15
GATA4,12,3,15
DES,15,0,15
COL4A3,4,11,15
ABCA1,14,1,15
CSNK1G2,0,15,15
NRIP1,7,8,15
FHIT,2,13,15
VHL,4,11,15
FHL2,4,11,15
MKNK1,10,5,15
IL3,2,13,15
TLN1,5,10,15
NEUROD1,13,2,15
ACACA,15,0,15
ZEB1,12,3,15
FZR1,7,8,15
IQGAP1,10,5,15
TRPC3,14,1,15
TRPC1,11,4,15
TIMP2,11,4,15
TSC22D3,5,10,15
TGFB1I1,5,10,15
PECAM1,15,0,15
ARF1,6,9,15
PKNOX1,3,12,15
NFATC4,14,1,15
RNF7,5,10,15
NPY,4,11,15
HTT,10,5,15
RACK1,4,11,15
MAPK8IP3,6,9,15
MECOM,6,9,15
EFNA1,2,13,15
DCX,15,0,15
PPP1R12A,15,0,15
CD80,11,4,15
FBXW11,0,15,15
PDGFA,5,10,15
OGT,7,8,15
FBN1,6,9,15
APAF1,14,1,15
CDKN2B,14,1,15
TIMP1,14,1,15
GRB7,11,4,15
GCG,3,12,15
TICAM1,10,5,15
CTNND2,10,5,15
PRKD2,8,7,15
FASN,6,9,15
THBS2,2,13,15
NR1I2,8,7,15
ULK2,5,10,15
MYBL2,11,3,14
SELL,9,5,14
CREB5,1,13,14
UBTF,14,0,14
SIK1,3,11,14
KLF1,10,4,14
IL15,3,11,14
LIF,8,6,14
HDAC6,9,5,14
AIFM1,12,2,14
DNM2,10,4,14
SDC3,13,1,14
PTGER2,2,12,14
PTCH1,8,6,14
CDC14A,3,11,14
COL2A1,6,8,14
IL12B,6,8,14
RTN4,8,6,14
NFIL3,9,5,14
STAT4,12,2,14
LAMA1,0,14,14
ACLY,14,0,14
ARAF,7,7,14
ITGAL,9,5,14
ITGA7,11,3,14
PIAS4,2,12,14
HLA-DRA,5,9,14
CDC42BPA,3,11,14
HHEX,2,12,14
HIC1,4,10,14
STAR,13,1,14
RELB,10,4,14
CD4,10,4,14
ANGPT1,5,9,14
SPOP,1,13,14
S100A4,6,8,14
KDM5B,6,8,14
S100A9,6,8,14
RIPK3,6,8,14
PAX5,7,7,14
GAD1,13,1,14
GPC1,10,4,14
POU2F2,2,12,14
TRAF1,13,1,14
NTF4,0,14,14
ITGB6,10,4,14
ITGB7,11,3,14
ITPR1,13,1,14
TDG,6,8,14
TGFB3,3,11,14
FUBP1,5,9,14
IRF9,6,8,14
IER3,12,2,14
ID3,9,5,14
RB1CC1,4,10,14
TFAP2A,9,5,14
CEACAM1,10,4,14
CACNA1C,14,0,14
KAT2A,3,11,14
RHOB,8,6,14
NFKBIB,10,4,14
PCK1,13,1,14
FGF7,2,12,14
CD79A,13,1,14
BHLHE41,4,10,14
BDKRB1,1,13,14
IL2RB,9,5,14
TOP1,11,3,14
FGG,3,11,14
FCGR2A,10,4,14
IL2RG,10,4,14
NDRG1,11,3,14
NUMB,8,6,14
FES,6,8,14
LASP1,12,2,14
ZFP36,12,2,14
WNT7A,2,12,14
ZMYND8,6,8,14
DAG1,5,9,14
GAP43,13,0,13
DAAM1,6,7,13
H3C13,12,1,13
SOX6,3,10,13
WRN,10,3,13
GPC3,1,12,13
GNRH1,6,7,13
SIK2,4,9,13
USP7,2,11,13
USF2,7,6,13
PLAT,10,3,13
DPYSL2,11,2,13
NKX3-1,9,4,13
TNFRSF10A,8,5,13
YWHAB,10,3,13
MDC1,7,6,13
CNTN1,7,6,13
CNR1,3,10,13
ITGA9,12,1,13
DLX5,8,5,13
LRIG1,4,9,13
EFNA5,3,10,13
U2AF1,0,13,13
ARHGEF12,9,4,13
DUSP6,6,7,13
MERTK,5,8,13
AFDN,7,6,13
AGER,9,4,13
NR1H3,8,5,13
F2RL3,3,10,13
CLSPN,10,3,13
GAPDH,10,3,13
KDM4C,4,9,13
EIF2S2,12,1,13
TFE3,1,12,13
PTPRB,2,11,13
NRP2,11,2,13
S100A8,2,11,13
HSPD1,6,7,13
CAT,9,4,13
NOXA1,11,2,13
EGR2,8,5,13
CTSV,13,0,13
VEGFD,3,10,13
ATOH1,11,2,13
B2M,4,9,13
ADORA1,5,8,13
AKT1S1,9,4,13
MELK,2,11,13
PTGER4,3,10,13
CCKBR,5,8,13
MST1R,8,5,13
TNFRSF1B,7,6,13
CDT1,11,2,13
G6PC,13,0,13
JUP,13,0,13
CDK8,1,12,13
BUB1,5,8,13
PIK3C3,7,6,13
PTPN5,4,9,13
FZD6,11,2,13
SGK2,3,10,13
DDX5,7,6,13
PTH,1,12,13
HNRNPU,4,9,13
CAD,12,1,13
NR2C2,7,6,13
SUFU,7,6,13
IL7,0,13,13
IFIH1,8,5,13
LAG3,13,0,13
RASGRP3,10,3,13
PF4,3,10,13
FGF14,6,7,13
MAD1L1,12,0,12
TAB1,8,4,12
PICK1,4,8,12
AHR,7,5,12
PTPRZ1,6,6,12
REL,7,5,12
SPARC,6,6,12
CXCL2,4,8,12
WASL,12,0,12
CFL2,11,1,12
ERN1,6,6,12
BRD4,7,5,12
HTR2C,4,8,12
PRPF4B,11,1,12
ACTA2,12,0,12
FST,5,7,12
TPH1,2,10,12
OPRK1,7,5,12
BAG1,6,6,12
HSF2,3,9,12
CDK16,8,4,12
HSP90B1,3,9,12
TNFAIP3,3,9,12
UBR5,7,5,12
ADCY5,11,1,12
VEGFC,4,8,12
FOXP3,8,4,12
HK2,12,0,12
HSPA8,7,5,12
BNIP3,8,4,12
TNFSF13,2,10,12
MC3R,3,9,12
IL1RL1,5,7,12
MEIS1,9,3,12
GRK3,1,11,12
EHMT2,2,10,12
RAPGEF1,7,5,12
SFN,8,4,12
GNB1,5,7,12
RARG,9,3,12
CHD8,0,12,12
HMGN1,8,4,12
THY1,8,4,12
KDM5A,8,4,12
CCN1,1,11,12
KLF6,3,9,12
CD5,10,2,12
SSH1,8,4,12
WNT2,2,10,12
DKK1,6,6,12
CUL1,4,8,12
ATG5,11,1,12
SSTR2,4,8,12
CD9,8,4,12
MARK1,8,4,12
NBN,11,1,12
SET,9,3,12
CUL3,6,6,12
TLR9,6,6,12
FMR1,9,3,12
NF2,7,5,12
MAP4,11,1,12
ATG7,4,8,12
ADCYAP1,2,10,12
CYLD,6,6,12
LAMB1,2,10,12
UHRF1,8,4,12
RNF8,3,9,12
MAG,12,0,12
AVP,0,12,12
MCM2,12,0,12
GRIA1,12,0,12
NEFH,12,0,12
NR2F6,6,6,12
CDK5R1,10,2,12
NR1D1,9,3,12
PRKD3,1,11,12
IL10RA,6,6,12
IGFBP1,12,0,12
SIAH1,7,5,12
SLC9A3R1,5,7,12
IL10RB,7,5,12
SIRT7,2,10,12
FOXP2,2,10,12
STXBP1,11,1,12
TFDP1,4,8,12
TRIM25,3,9,12
NAB2,7,5,12
SH3BP2,10,2,12
SKI,5,7,12
SMARCE1,1,11,12
TACR1,3,9,12
SNW1,8,4,12
EIF4G1,11,1,12
KCNH2,11,1,12
ADAM9,5,7,12
CTLA4,8,4,12
SFPQ,7,5,12
SIN3A,10,2,12
SMARCB1,1,11,12
FSHB,3,9,12
DAPK2,6,6,12
PIP5K1C,9,3,12
RANBP2,8,4,12
CD151,12,0,12
PDHA1,12,0,12
PLCE1,8,3,11
CSF2RB,11,0,11
ABLIM1,11,0,11
SH2B1,5,6,11
LPAR3,1,10,11
ADCY1,10,1,11
E2F2,2,9,11
DBP,6,5,11
PAK6,5,6,11
RAD23B,4,7,11
SST,3,8,11
BCL10,8,3,11
PLK2,3,8,11
TNFRSF17,2,9,11
CENPE,8,3,11
SATB1,3,8,11
PHLPP1,3,8,11
GDF15,9,2,11
TRIM27,2,9,11
CLOCK,3,8,11
PPP1R15A,9,2,11
GFPT1,9,2,11
IAPP,2,9,11
GNB5,6,5,11
FOXP1,1,10,11
HP,3,8,11
MAD2L1,9,2,11
PTPRO,2,9,11
PCLO,11,0,11
SRRM1,11,0,11
ERCC6,5,6,11
COL3A1,6,5,11
SRSF2,10,1,11
EIF2B5,9,2,11
COL4A1,4,7,11
PCK2,11,0,11
PRMT5,4,7,11
NFYA,6,5,11
H2AZ1,11,0,11
RAD9A,10,1,11
CD86,8,3,11
HCRTR1,3,8,11
GDF5,2,9,11
OXTR,4,7,11
SUV39H1,6,5,11
KHDRBS1,9,2,11
CDC14B,0,11,11
IL24,1,10,11
BTC,1,10,11
KDM5C,6,5,11
PKN2,9,2,11
NR3C2,8,3,11
CCL4,6,5,11
BSN,11,0,11
NR1H4,9,2,11
MMP7,2,9,11
DHX9,4,7,11
IFT57,1,10,11
IFNGR1,6,5,11
BLNK,7,4,11
SLIT2,1,10,11
FEN1,11,0,11
CBLC,8,3,11
CAMKK1,4,7,11
TERF2,7,4,11
XPA,8,3,11
BAIAP2,8,3,11
RAP1GAP,9,2,11
MYH9,10,1,11
WNT8A,4,7,11
SMARCC1,10,1,11
KCND2,11,0,11
XRCC6,7,4,11
HLA-A,8,3,11
PYCARD,8,3,11
FGB,1,10,11
MFGE8,1,10,11
DRD1,3,8,11
AMBRA1,7,4,11
ALPL,8,3,11
RYK,6,5,11
ZNRF3,5,6,11
CCL13,3,8,11
SRSF1,11,0,11
MSTN,7,4,11
TBP,9,2,11
CHRM1,3,8,11
EPHA7,9,2,11
TRPV6,10,1,11
PLXNA2,10,1,11
MAPK4,7,4,11
TSHB,2,9,11
CYP19A1,10,1,11
ATP2A2,10,1,11
CSF2RA,9,2,11
ELF3,9,2,11
DLL4,5,6,11
IRF2BPL,7,4,11
VCP,8,3,11
ANAPC1,9,2,11
TGFBR3,9,2,11
MOG,5,6,11
MAP4K3,4,7,11
CD247,7,4,11
HLA-DRB1,3,8,11
MAF,5,5,10
ATG16L1,8,2,10
PRKAR1A,7,3,10
CISH,3,7,10
PTPRD,6,4,10
WNK1,6,4,10
WNT10B,2,8,10
MAP2K5,8,2,10
NR1I3,6,4,10
CDC27,10,0,10
MAP3K10,3,7,10
IL20RA,7,3,10
BTG1,5,5,10
TAOK2,2,8,10
SMARCC2,10,0,10
ETV6,6,4,10
PRC1,7,3,10
SCNN1A,9,1,10
SELP,9,1,10
FBP1,9,1,10
CD163,10,0,10
MAP3K20,3,7,10
IL7R,6,4,10
PRDX1,9,1,10
IRS4,6,4,10
HAND1,10,0,10
HCLS1,10,0,10
EREG,3,7,10
FANCM,4,6,10
FANCL,8,2,10
POU4F1,1,9,10
RASGRF1,6,4,10
CDKN2D,8,2,10
PDCD1,6,4,10
TUBA1A,9,1,10
SNTA1,6,4,10
EIF4G2,4,6,10
BGLAP,10,0,10
TACR3,2,8,10
E2F3,4,6,10
E2F6,3,7,10
CSNK1G3,0,10,10
CBX5,5,5,10
PPP2R2A,4,6,10
LHB,1,9,10
PIK3CD,9,1,10
SOX4,7,3,10
SLC2A1,10,0,10
MAPKAPK3,5,5,10
PARD3,8,2,10
SORT1,6,4,10
SORBS1,6,4,10
MKNK2,7,3,10
SPHK1,9,1,10
CD3D,8,2,10
CD3G,8,2,10
HSPG2,2,8,10
RPA1,6,4,10
WAS,10,0,10
FOSL2,8,2,10
RNF4,3,7,10
CD34,6,4,10
S100B,4,6,10
SCN1A,10,0,10
CDC37,9,1,10
EFNA3,1,9,10
BMP6,1,9,10
CHRM2,5,5,10
HMGCR,7,3,10
KRT1,8,2,10
NCSTN,5,5,10
GSN,5,5,10
CHD4,8,2,10
KSR2,3,7,10
IRF8,7,3,10
GHRH,0,10,10
MED1,6,4,10
ADIPOQ,5,5,10
NCK2,8,2,10
LAMA2,2,8,10
SPN,4,6,10
HSPB2,5,5,10
PA2G4,8,2,10
TRIO,6,4,10
APOC3,4,6,10
TNFRSF10B,7,3,10
DUSP4,4,6,10
ADCY6,9,1,10
CDC7,3,7,10
ONECUT1,5,5,10
OPRL1,4,6,10
XRCC1,8,2,10
COMP,2,8,10
XRCC5,5,5,10
NEO1,5,5,10
REST,6,4,10
REN,7,3,10
GP9,7,3,10
DUSP16,2,8,10
ACKR3,8,2,10
ABI1,8,2,10
ACTR2,6,4,10
EFNA2,2,8,10
THBD,10,0,10
RNF111,3,7,10
GSTP1,8,2,10
BAG3,9,1,10
ADRA2B,2,8,10
PIAS3,1,9,10
CSF3R,7,3,10
CD82,10,0,10
RALBP1,5,5,10
XPC,7,3,10
WWC1,8,2,10
GP1BA,8,2,10
MME,5,5,10
RYR2,10,0,10
SPRY2,6,4,10
NTRK3,5,5,10
INSL3,0,10,10
INSIG1,5,5,10
INPPL1,6,4,10
TAB2,7,3,10
SLC18A2,10,0,10
GZMB,1,9,10
NEFL,10,0,10
EEF2,10,0,10
GABPA,7,2,9
CASK,3,6,9
MYL12B,9,0,9
CASP10,5,4,9
PFKFB2,9,0,9
CHAT,9,0,9
CAMP,2,7,9
SH2B2,4,5,9
OLR1,6,3,9
DRD3,2,7,9
XRCC4,8,1,9
WNT6,0,9,9
WNT7B,1,8,9
DTX1,3,6,9
EWSR1,8,1,9
NOG,0,9,9
MMP12,0,9,9
PHOX2B,1,8,9
PIAS2,2,7,9
PIDD1,2,7,9
USP9X,4,5,9
LAMC1,1,8,9
UTS2R,1,8,9
DNMT3B,2,7,9
PTGER3,1,8,9
MSX1,4,5,9
TRPC6,8,1,9
IHH,1,8,9
HTR7,1,8,9
SCN11A,9,0,9
CDKN1C,9,0,9
PAX2,8,1,9
RFX5,2,7,9
EEF1A1,8,1,9
RAP1GDS1,0,9,9
IGF2R,7,2,9
MST1,5,4,9
DLC1,5,4,9
DLL1,5,4,9
ELF1,4,5,9
VIPR2,4,5,9
WDR62,4,5,9
UIMC1,7,2,9
EPHA8,8,1,9
GRPR,0,9,9
BMP10,1,8,9
EPS15,8,1,9
IGFBP4,6,3,9
SRSF7,8,1,9
ATG3,6,3,9
PREX2,5,4,9
MAFA,5,4,9
MAFB,7,2,9
TAP1,7,2,9
WNT3,1,8,9
OXT,8,1,9
KHSRP,6,3,9
CRHR1,5,4,9
SUZ12,1,8,9
LIMK2,7,2,9
CYBB,7,2,9
CCR4,8,1,9
JAG2,4,5,9
EPHA1,6,3,9
PARD6A,6,3,9
ALB,7,2,9
RAD18,7,2,9
HEY1,4,5,9
ADRA1A,1,8,9
LMNB1,9,0,9
TNKS1BP1,9,0,9
VDAC1,9,0,9
ACACB,9,0,9
FLCN,7,2,9
CYP7A1,9,0,9
SLC2A2,9,0,9
CLDN7,9,0,9
RAB3A,9,0,9
BSG,3,6,9
GRM1,4,5,9
SPEN,7,2,9
PPM1G,1,8,9
MAPK8IP2,1,8,9
SERPINA1,4,5,9
SIAH2,4,5,9
DHH,1,8,9
TUBA1B,8,1,9
CDON,6,3,9
PLN,8,1,9
TIE1,8,1,9
CCL8,4,5,9
MAP1LC3A,7,2,9
PASK,3,6,9
IL21,0,9,9
TEAD1,3,6,9
PFKFB3,9,0,9
CXCL5,4,5,9
FGF3,4,5,9
KSR1,6,3,9
IL15RA,3,6,9
CLK2,3,6,9
RDX,8,1,9
RECQL4,6,3,9
F2RL2,1,8,9
THRAP3,8,1,9
CIC,9,0,9
CLASRP,9,0,9
GJB1,9,0,9
LBR,9,0,9
KLF5,7,2,9
F7,7,2,9
CCR7,6,3,9
COL4A4,2,7,9
G6PD,9,0,9
LPP,9,0,9
HOXB1,5,4,9
FGF21,4,5,9
LTF,1,8,9
LPAR1,1,8,9
DEPTOR,8,1,9
DDB2,6,3,9
PDE3B,5,4,9
PDE4D,8,1,9
ITGAX,8,1,9
SRPK1,6,3,9
STIM1,8,1,9
SPTAN1,7,2,9
SYP,8,1,9
BIRC6,4,5,9
BCL2L2,6,3,9
SSTR1,3,5,8
CLASP2,4,4,8
BCLAF1,7,1,8
BLK,4,4,8
BIK,7,1,8
DHX58,0,8,8
ZMYM2,6,2,8
HLA-C,4,4,8
HLA-B,6,2,8
WNT9B,1,7,8
DEAF1,5,3,8
TYRO3,3,5,8
LPAR4,0,8,8
SKIL,3,5,8
SFRP1,2,6,8
ATP1A1,8,0,8
POLB,8,0,8
MXI1,5,3,8
LTB4R,3,5,8
GNG12,4,4,8
FGF13,0,8,8
HOXB13,4,4,8
LDHA,8,0,8
ASXL1,1,7,8
NUP214,5,3,8
EPB41,5,3,8
CDH3,7,1,8
IL11,4,4,8
NPFFR2,4,4,8
KLF2,3,5,8
CDC6,8,0,8
HOXC6,5,3,8
GAS6,5,3,8
HDLBP,4,4,8
LHCGR,8,0,8
CXCR1,8,0,8
KDM3A,4,4,8
PFN1,7,1,8
SHC3,7,1,8
SHANK1,4,4,8
SH3KBP1,3,5,8
CR2,6,2,8
NAMPT,4,4,8
KL,4,4,8
ADAM2,3,5,8
FGF4,2,6,8
ANLN,8,0,8
KRT19,8,0,8
INHBB,2,6,8
HTR1B,1,7,8
RNF168,6,2,8
SAA1,2,6,8
IL23R,4,4,8
BTF3,1,7,8
MBTPS1,1,7,8
RSPO3,0,8,8
UBE2D3,3,5,8
GDF11,1,7,8
PLK4,2,6,8
ALOX15,6,2,8
TIRAP,6,2,8
RGS2,3,5,8
PTPN18,3,5,8
SMC3,5,3,8
IDH1,8,0,8
TG,5,3,8
AKAP12,6,2,8
TRIM63,7,1,8
BRSK2,2,6,8
ARVCF,3,5,8
ANGPT2,6,2,8
MPL,6,2,8
PABPC1,5,3,8
MTNR1B,4,4,8
PROX1,4,4,8
BCL2A1,8,0,8
MPO,7,1,8
UNC13B,8,0,8
NEFM,8,0,8
PTP4A3,0,8,8
ERCC5,6,2,8
AXIN2,5,3,8
FKBP5,5,3,8
HHIP,5,3,8
HEY2,4,4,8
HTR2A,2,6,8
RAD21,4,4,8
RACGAP1,6,2,8
RGS19,5,3,8
GRK1,3,5,8
ICAM3,3,5,8
PRDM1,4,4,8
ATRIP,6,2,8
EMSY,7,1,8
PTPRK,2,6,8
OTX2,6,2,8
OTUB1,2,6,8
CD46,7,1,8
WNT11,2,6,8
GDF2,1,7,8
HCRTR2,1,7,8
WNT10A,1,7,8
MAFG,5,3,8
ATG4B,3,5,8
CD79B,6,2,8
PELI1,5,3,8
CD74,4,4,8
CD69,7,1,8
MATK,2,6,8
PRKAR2B,3,5,8
CRY2,7,1,8
CRY1,7,1,8
NPS,0,8,8
LPAR6,0,8,8
ARHGAP5,6,2,8
EFNA4,0,8,8
EPS8,6,2,8
CCL19,1,7,8
POU3F2,5,3,8
BMP1,1,7,8
CLU,4,4,8
VCL,4,4,8
ELF4,6,2,8
SDCBP,6,2,8
CHRNA7,4,4,8
CHRM3,2,6,8
ZFYVE9,5,3,8
TRPV5,6,2,8
CNTF,1,7,8
BAMBI,2,6,8
RETN,4,4,8
PSIP1,4,4,8
PAX7,4,4,8
AFP,8,0,8
CENPA,8,0,8
FANCA,8,0,8
BRIP1,5,3,8
CLDN2,7,1,8
MSX2,5,3,8
NDN,2,6,8
DOCK1,5,3,8
IL1RAP,6,2,8
IL19,0,8,8
AMFR,5,3,8
PLA2G2A,1,7,8
LAMC2,2,6,8
HLX,2,6,8
NTN1,0,8,8
NTF3,2,6,8
MYH10,8,0,8
GRIA4,8,0,8
RELN,5,3,8
GP1BB,5,3,8
HNRNPH1,6,2,8
PTPRR,3,5,8
USP8,3,5,8
TXK,5,3,8
UNC5A,6,2,8
USP1,4,4,8
WNT5B,1,7,8
RAP1B,7,1,8
TP53INP1,3,5,8
G3BP1,5,3,8
PLAGL1,3,5,8
DRAM2,1,7,8
RRAD,8,0,8
SP4,3,5,8
CR1,8,0,8
TNNT2,8,0,8
GAD2,8,0,8
NOX4,5,3,8
CCR10,8,0,8
GABBR1,6,2,8
TNFRSF14,4,3,7
CCAR2,4,3,7
CTHRC1,3,4,7
CTNNA1,6,1,7
FGF9,0,7,7
ANGPTL4,0,7,7
ANK1,5,2,7
BUB1B,6,1,7
GRB14,6,1,7
FANCI,6,1,7
CBX4,5,2,7
MINK1,2,5,7
PTMA,3,4,7
CDKN2C,4,3,7
PPBP,2,5,7
RCHY1,3,4,7
APPL1,4,3,7
TF,2,5,7
BCL9,5,2,7
BCOR,1,6,7
DDX21,5,2,7
LTA,2,5,7
FGF10,5,2,7
FGF11,0,7,7
COL4A5,1,6,7
COL4A6,1,6,7
COL5A2,3,4,7
POLH,6,1,7
ICAM2,4,3,7
MRTFA,5,2,7
GNB3,3,4,7
GNG2,3,4,7
MN1,5,2,7
BAZ1B,5,2,7
SMARCA2,4,3,7
CACNA1S,7,0,7
FGF12,0,7,7
LFNG,2,5,7
IFNLR1,5,2,7
RSPO1,0,7,7
RSPO2,0,7,7
ELMO1,5,2,7
TAOK1,2,5,7
TARDBP,4,3,7
ITGA11,6,1,7
KLF7,0,7,7
HERC2,4,3,7
HES5,3,4,7
FNTA,3,4,7
WNT16,2,5,7
CD55,5,2,7
APBB1,6,1,7
SMARCD3,5,2,7
CXCL13,1,6,7
PIK3AP1,3,4,7
MAZ,7,0,7
PENK,2,5,7
HTR1D,1,6,7
CAST,4,3,7
CAV2,6,1,7
CAV3,5,2,7
LAMA5,0,7,7
LAMB2,4,3,7
CAPN3,2,5,7
GPI,6,1,7
GPR35,1,6,7
ATF5,2,5,7
CPT1B,7,0,7
C1QBP,3,4,7
CLASP1,4,3,7
CLDN1,6,1,7
PSTPIP1,4,3,7
TRRAP,6,1,7
MAPK15,4,3,7
ATG13,4,3,7
TBX1,3,4,7
NSF,6,1,7
PREX1,6,1,7
RBX1,1,6,7
EGLN2,5,2,7
HGS,4,3,7
PPP2R5A,4,3,7
SLPI,2,5,7
RANGAP1,7,0,7
NUP153,4,3,7
TCF12,5,2,7
ALDH2,6,1,7
RAD17,5,2,7
CFH,1,6,7
BACE1,6,1,7
PRRX1,1,6,7
IGFBP5,4,3,7
HUWE1,3,4,7
ARHGDIB,3,4,7
CDC34,6,1,7
ARHGDIA,5,2,7
ZEB2,4,3,7
YWHAE,3,4,7
MCM3,7,0,7
MCM4,7,0,7
MCPH1,2,5,7
SND1,4,3,7
TET2,5,2,7
WWP1,2,5,7
DDB1,4,3,7
IFNGR2,4,3,7
RALA,4,3,7
TYMP,4,3,7
FAF1,6,1,7
MAML2,2,5,7
DOT1L,0,7,7
FRZB,0,7,7
UNC5B,4,3,7
UNC5D,6,1,7
POLA1,7,0,7
AGRN,2,5,7
UPF1,7,0,7
DSP,6,1,7
NES,6,1,7
FH,6,1,7
TPR,5,2,7
INPP5D,4,3,7
TUBB,5,2,7
TNFRSF11A,3,4,7
POU2AF1,1,6,7
DUSP5,4,3,7
KMT2D,5,2,7
PRNP,6,1,7
RIMS2,3,4,7
GPHN,6,1,7
CLTC,7,0,7
AMER1,0,7,7
IL1R2,3,4,7
CCL21,0,7,7
RHOC,3,4,7
RHOQ,4,3,7
BMF,3,4,7
BMP15,0,7,7
ESPL1,5,2,7
CCL16,0,7,7
CCL20,2,5,7
ADRA1B,2,5,7
GAL,4,3,7
FRAT1,4,3,7
ACTC1,7,0,7
GTSE1,6,1,7
RGMB,4,3,7
RAB7A,2,5,7
MAPRE1,7,0,7
CCDC6,7,0,7
CFB,7,0,7
PTBP2,4,3,7
MUC4,6,1,7
PAFAH1B1,3,4,7
ESRRG,5,2,7
WASF1,7,0,7
CYP17A1,7,0,7
PCBP1,6,1,7
PCBP2,5,2,7
MLXIPL,4,3,7
SAR1A,1,6,7
BMP8A,0,7,7
SLC5A5,7,0,7
AGO2,7,0,7
CHRM5,0,7,7
IL20RB,4,3,7
ALDOB,7,0,7
TRA2B,7,0,7
SIRT6,2,5,7
CACNA1B,7,0,7
SMC1A,7,0,7
IL12RB1,5,2,7
SCARB1,4,3,7
GRIN1,7,0,7
PLA2G1B,7,0,7
HOXC8,5,2,7
KLF10,5,2,7
KLF11,0,7,7
SHB,4,3,7
CD22,5,2,7
IKZF1,7,0,7
MXD1,6,1,7
ELK4,6,1,7
LY96,4,3,7
PLCB2,5,2,7
EXO1,7,0,7
DGCR8,6,1,7
KCNMA1,7,0,7
SMAD9,6,1,7
TAB3,5,2,7
SHOC2,4,3,7
SRPK2,5,2,7
RAD50,4,3,7
RAI1,2,5,7
MSH6,6,1,7
MAOB,7,0,7
CRTC1,7,0,7
PSMD4,7,0,7
KIF23,7,0,7
FOXH1,1,6,7
PHLPP2,0,7,7
EPHA10,6,0,6
TNFRSF25,3,3,6
TNFSF11,2,4,6
CXCL6,1,5,6
CTNNA2,5,1,6
ABCC1,6,0,6
SH2B3,3,3,6
SLC12A3,4,2,6
TNPO1,1,5,6
CELF1,5,1,6
PPFIA1,5,1,6
SENP1,0,6,6
IFNA2,1,5,6
GRIA2,6,0,6
PDCD4,6,0,6
CYBA,6,0,6
FOXC1,3,3,6
STING1,5,1,6
PDE4B,5,1,6
IFNL1,2,4,6
RFC1,6,0,6
DDX3X,3,3,6
CCNA1,3,3,6
MYL12A,6,0,6
TFAM,5,1,6
TLE1,3,3,6
HLA-DQA1,2,4,6
HLA-DMB,3,3,6
TNS1,5,1,6
CADM1,4,2,6
XPO1,3,3,6
YBX3,3,3,6
HLTF,3,3,6
NKX3-2,1,5,6
AGRP,2,4,6
LGALS9,0,6,6
MAML3,2,4,6
TXNIP,4,2,6
RAN,5,1,6
RALGDS,3,3,6
NCOA4,1,5,6
ARPC5,3,3,6
SUN1,4,2,6
CREB3L1,4,2,6
PTPN9,0,6,6
LPAR5,0,6,6
ARHGEF1,5,1,6
ZYX,5,1,6
TRPM7,1,5,6
DOK2,5,1,6
HOXA11,4,2,6
H4C6,4,2,6
ARF6,3,3,6
SEMA3A,0,6,6
PTPA,1,5,6
ABCC2,6,0,6
SRSF5,6,0,6
COL5A1,1,5,6
THRSP,0,6,6
DSG1,4,2,6
PSMD2,6,0,6
PYY,0,6,6
ADRA2C,0,6,6
HTR2B,1,5,6
MLH1,5,1,6
TCF7,3,3,6
EIF2A,5,1,6
INSIG2,3,3,6
TPO,4,2,6
MYL2,4,2,6
STK38L,4,2,6
NODAL,0,6,6
FHOD1,5,1,6
SLC10A1,6,0,6
LEFTY2,3,3,6
MS4A1,5,1,6
MPZ,4,2,6
FKBP1A,0,6,6
ICOSLG,3,3,6
SFSWAP,6,0,6
SEPTIN5,6,0,6
SEC24B,6,0,6
MKI67,6,0,6
PIM3,1,5,6
IL13RA1,3,3,6
TRIM33,2,4,6
TRIM24,4,2,6
KCNB1,5,1,6
KAT7,5,1,6
LYL1,3,3,6
PRKAG1,4,2,6
GPC4,1,5,6
GP5,3,3,6
ASGR1,6,0,6
PROKR1,5,1,6
PDYN,2,4,6
NHLH2,3,3,6
TAGLN,6,0,6
DST,6,0,6
TLR6,4,2,6
TLR5,2,4,6
CDCA5,5,1,6
CYP2B6,6,0,6
AQP4,6,0,6
DRD4,1,5,6
MTF1,2,4,6
HLA-F,6,0,6
ROBO1,6,0,6
CTR9,6,0,6
SHANK3,1,5,6
SIX3,4,2,6
FGF19,1,5,6
ING4,1,5,6
CEP43,5,1,6
CACNB2,6,0,6
XRN2,6,0,6
CTDSP1,0,6,6
CACNG2,6,0,6
CDH4,2,4,6
CLK1,0,6,6
UNG,6,0,6
PLSCR1,6,0,6
TUBA4A,6,0,6
TYMS,6,0,6
AGAP2,6,0,6
GPER1,0,6,6
GABRG2,6,0,6
HEXIM1,4,2,6
KREMEN1,5,1,6
OSR1,3,3,6
OSMR,2,4,6
BRD3,5,1,6
RAB5A,3,3,6
MTTP,5,1,6
LIG1,6,0,6
IL1RN,3,3,6
AMH,2,4,6
RRAS,5,1,6
MBTPS2,1,5,6
SCAF11,5,1,6
ENPP1,5,1,6
C4A,1,5,6
TBX5,1,5,6
CCL28,1,5,6
IDO1,0,6,6
TBC1D4,5,1,6
FCGR2B,4,2,6
FBXO31,4,2,6
GABARAP,4,2,6
ERRFI1,4,2,6
BMP3,0,6,6
NFX1,2,4,6
CCDC88A,6,0,6
TLE5,0,6,6
TAOK3,2,4,6
IL9,0,6,6
IL5,1,5,6
PPP6C,0,6,6
SIRT3,2,4,6
RFWD3,3,3,6
STAM2,6,0,6
NPHS1,6,0,6
FOXO6,4,2,6
EPHB6,5,1,6
EPHB4,4,2,6
MZF1,3,3,6
ATG9A,5,1,6
KTN1,2,4,6
PLXNB1,3,3,6
PLXNA1,5,1,6
ALDH1A1,6,0,6
ETV4,4,2,6
IL22RA1,3,3,6
IL21R,3,3,6
MAP4K2,2,4,6
NOX5,5,1,6
ACAT1,3,3,6
MVD,2,4,6
PTCH2,3,3,6
LILRB3,6,0,6
STX1A,6,0,6
MYH2,6,0,6
GIGYF2,5,1,6
DYNLL1,3,3,6
IRF4,4,2,6
GNG4,3,3,6
MGMT,6,0,6
RGS16,6,0,6
HK1,6,0,6
CYP3A4,6,0,6
ENAH,6,0,6
CRABP2,6,0,6
AIMP1,2,4,6
PIK3C2A,3,3,6
PER3,5,1,6
GPR183,1,5,6
CXCL3,1,5,6
BOC,5,1,6
BNIP3L,4,2,6
HSD3B2,6,0,6
PTH2R,6,0,6
WNT2B,1,5,6
GFRA1,3,3,6
LAMB3,0,6,6
LAMA4,2,4,6
IRF2,2,4,6
APOA2,2,4,6
RAMP1,6,0,6
SNRNP70,6,0,6
MPG,2,4,6
NEUROG1,6,0,6
DSG4,6,0,6
ASAP2,2,4,6
ASAP1,3,3,6
AMOT,4,2,6
LAMA3,2,4,6
CASR,5,1,6
RORC,3,3,6
RNF41,3,3,6
PELP1,4,2,6
FZD10,6,0,6
KIF2C,6,0,6
TICAM2,4,2,6
UBE2D2,1,5,6
GABRB2,5,1,6
GABARAPL2,5,1,6
KCNJ1,6,0,6
CIT,4,2,6
PCSK1,4,2,6
KCNIP3,3,3,6
CASP5,3,3,6
FGF5,1,4,5
SLIT1,1,4,5
BTLA,2,3,5
TFCP2,4,1,5
GREB1,3,2,5
PCM1,1,4,5
CDR2,0,5,5
RBBP7,2,3,5
EIF5B,5,0,5
H2BC14,5,0,5
FGF6,0,5,5
FGFBP1,3,2,5
KIF4A,4,1,5
FOXE1,0,5,5
TET1,2,3,5
SRGAP3,1,4,5
SNCB,4,1,5
PKIA,3,2,5
WWOX,3,2,5
WNT9A,0,5,5
XRCC3,3,2,5
AANAT,3,2,5
PSMA5,4,1,5
DDIT4,4,1,5
ZMIZ1,1,4,5
UCHL5,1,4,5
GNGT1,2,3,5
DEK,4,1,5
ATP2B1,5,0,5
CD3E,4,1,5
CD2AP,4,1,5
SAP30,4,1,5
ETV5,4,1,5
DECR1,5,0,5
ARID5B,0,5,5
KLF15,3,2,5
GRM4,4,1,5
APOC2,1,4,5
APOA5,4,1,5
APH1A,1,4,5
BIN1,5,0,5
MTSS1,2,3,5
MOB1B,3,2,5
PBRM1,2,3,5
SETD2,1,4,5
ANP32A,3,2,5
EPS15L1,5,0,5
SAT1,5,0,5
DCT,5,0,5
SPON2,0,5,5
DROSHA,5,0,5
SERPINB5,5,0,5
RRM1,5,0,5
LGR4,5,0,5
AKAP1,4,1,5
AIP,2,3,5
PIK3R3,3,2,5
ATG10,3,2,5
PNCK,2,3,5
FNBP1,5,0,5
KLF16,4,1,5
GDF9,0,5,5
ITGA10,3,2,5
RPL11,0,5,5
C1QA,3,2,5
KLC1,5,0,5
HOXA1,5,0,5
PTGER1,0,5,5
PSMC3IP,0,5,5
GIPC1,0,5,5
FOSB,4,1,5
PHGDH,5,0,5
IRAK2,5,0,5
CCR6,5,0,5
MFN2,5,0,5
SLC25A4,5,0,5
COL4A2,2,3,5
GAS1,4,1,5
HDGF,3,2,5
HMGB2,1,4,5
HMGA2,2,3,5
EPN1,3,2,5
CMA1,2,3,5
MYT1,3,2,5
NRG2,0,5,5
DKK3,1,4,5
IL23A,2,3,5
IL22,0,5,5
NFE2,3,2,5
MAP4K5,3,2,5
TGIF1,2,3,5
RNF139,1,4,5
PRKX,1,4,5
IFNL2,1,4,5
HAVCR1,4,1,5
TBL1XR1,2,3,5
GRIN2C,4,1,5
EYA1,2,3,5
NFKBIE,3,2,5
JMJD1C,2,3,5
FABP4,5,0,5
EFS,5,0,5
TLK1,2,3,5
IL9R,3,2,5
IL3RA,3,2,5
PGK1,3,2,5
PGF,2,3,5
KDM3B,0,5,5
EGLN3,0,5,5
JARID2,0,5,5
BRAP,2,3,5
CCL26,0,5,5
CCL25,0,5,5
TRPM2,5,0,5
AMBP,1,4,5
MCF2,2,3,5
SCGB1A1,4,1,5
SCAP,3,2,5
ADCY2,5,0,5
ADCY9,5,0,5
ADCY7,5,0,5
CCL3L3,1,4,5
NPFFR1,1,4,5
TBX2,1,4,5
LGALS1,2,3,5
KLC2,4,1,5
CD209,3,2,5
BUB3,5,0,5
CLK4,0,5,5
GAST,3,2,5
DLL3,1,4,5
SETDB1,4,1,5
C1R,5,0,5
KIRREL1,5,0,5
FYB1,5,0,5
CNN1,5,0,5
ACE2,4,1,5
PYGL,5,0,5
HTR1E,1,4,5
KRT14,3,2,5
KMT5A,4,1,5
DLX3,3,2,5
DLX2,2,3,5
TLR1,3,2,5
CDC73,2,3,5
PPP2R5D,4,1,5
ATP1B1,5,0,5
SUPT5H,5,0,5
DYNC1LI1,5,0,5
RAB1A,3,2,5
RAB11A,2,3,5
DAGLA,5,0,5
ADCY3,5,0,5
AQP1,5,0,5
GYS2,5,0,5
ERCC8,0,5,5
TRIB2,4,1,5
KAT6A,1,4,5
FLII,5,0,5
EIF4ENIF1,5,0,5
PRKACG,1,4,5
TMPO,5,0,5
CDC16,5,0,5
SF3B1,5,0,5
HNRNPD,4,1,5
DUSP2,0,5,5
DUSP10,1,4,5
VEGFB,1,4,5
PDGFC,2,3,5
PROK1,0,5,5
PRMT6,0,5,5
KNL1,3,2,5
CYP2E1,4,1,5
TCL1A,2,3,5
ALDH1A2,3,2,5
TLR7,2,3,5
SYNJ1,4,1,5
FHL1,4,1,5
WIPI1,4,1,5
KLK2,1,4,5
DDC,5,0,5
ASF1A,3,2,5
SLC6A4,5,0,5
TAF1,1,4,5
TAC1,1,4,5
PIK3R4,3,2,5
UGT1A1,5,0,5
TRIB3,2,3,5
TLE3,5,0,5
TAL2,5,0,5
PRDM2,3,2,5
TLK2,4,1,5
ASXL2,3,2,5
MAD2L2,1,4,5
MACF1,2,3,5
MAP3K6,2,3,5
DSC3,2,3,5
METTL3,3,2,5
PLAGL2,2,3,5
ADRA1D,1,4,5
RIF1,5,0,5
TRPC4,4,1,5
CLDN19,1,4,5
IGFBP7,3,2,5
CTCFL,0,5,5
HOXB8,0,5,5
HOXB7,3,2,5
FANCC,2,3,5
FLT3LG,4,1,5
TFAP2B,2,3,5
CDC42BPB,1,4,5
RAPGEF2,3,2,5
REV3L,5,0,5
GPX1,5,0,5
LAMC3,0,5,5
DUSP9,0,5,5
USP6,2,3,5
USP10,3,2,5
DSG2,3,2,5
ENDOG,4,1,5
PTPRT,1,4,5
AHSG,3,2,5
AGTR2,4,1,5
MALT1,3,2,5
TXNRD1,4,1,5
NET1,4,1,5
CNTFR,2,3,5
NCOA6,2,3,5
RAPGEF5,1,4,5
LPIN1,4,1,5
MAP3K12,2,3,5
CHGA,5,0,5
CBS,5,0,5
ACAN,5,0,5
CEP250,5,0,5
EMD,4,1,5
COX5B,4,1,5
CCNC,3,2,5
CKS1B,2,3,5
LGR5,5,0,5
SEMA4D,2,3,5
SEMA3B,1,4,5
IREB2,5,0,5
CCR8,5,0,5
TIMELESS,1,4,5
HLA-DPB1,1,4,5
HLA-DMA,2,3,5
SOX17,2,3,5
SOST,2,3,5
PFKM,5,0,5
ITGAD,4,1,5
HLA-DRB5,1,4,5
ANGPTL2,0,5,5
FGF23,0,5,5
CTNNA3,2,3,5
HLA-DQB1,1,4,5
BARD1,2,3,5
NKRF,0,5,5
MCM7,5,0,5
CYTH2,3,2,5
SKP1,3,2,5
ECE1,4,1,5
PALB2,1,4,5
PPARGC1B,2,3,5
ABCG2,5,0,5
ODC1,5,0,5
KDM6B,3,2,5
SOCS7,0,5,5
TRIM9,4,1,5
TRIM59,2,3,5
PLXNA4,5,0,5
RNF43,4,1,5
RNF2,4,1,5
WASF2,5,0,5
SCRIB,5,0,5
RIPK4,5,0,5
PSMA3,5,0,5
H1-4,5,0,5
MYBBP1A,5,0,5
NPR1,5,0,5
GABRR1,5,0,5
CETN2,5,0,5
TNFRSF12A,3,2,5
ANKRD1,4,1,5
TNFRSF21,2,2,4
DBF4,4,0,4
LIG4,4,0,4
POLD3,4,0,4
KIF5B,2,2,4
STAG2,1,3,4
SOHLH1,0,4,4
RBM10,1,3,4
OTUD7B,3,1,4
KIF14,3,1,4
RRM2,4,0,4
SEMA6D,0,4,4
F13A1,1,3,4
MYLK2,3,1,4
MYLK3,0,4,4
RASGRF2,1,3,4
TRIP10,4,0,4
PIP4K2A,4,0,4
KRT16,4,0,4
LORICRIN,4,0,4
TYR,3,1,4
MAGI2,0,4,4
DCTN1,3,1,4
HLA-G,2,2,4
ITGA8,3,1,4
ZIC1,0,4,4
ZFHX3,2,2,4
NINL,3,1,4
GLS,4,0,4
HLA-DOA,1,3,4
HLA-DOB,1,3,4
HLA-DPA1,0,4,4
UBE2V1,1,3,4
HIF3A,2,2,4
RNF125,1,3,4
PSMA7,3,1,4
HIP1,2,2,4
NLRP1,2,2,4
NLRX1,0,4,4
FSTL3,2,2,4
USP22,2,2,4
DUSP7,0,4,4
LAMTOR3,0,4,4
CCNK,4,0,4
OGG1,4,0,4
PPM1J,4,0,4
TRPM4,3,1,4
ZP3,1,3,4
RAPGEF3,1,3,4
ARHGEF15,2,2,4
NQO1,3,1,4
LMX1B,0,4,4
SLCO1B3,4,0,4
FOXC2,4,0,4
NEK7,1,3,4
FIP1L1,3,1,4
FYCO1,2,2,4
PDIA6,1,3,4
UFD1,2,2,4
VPS39,3,1,4
RAC3,2,2,4
NRG3,0,4,4
DNAJB1,2,2,4
CRX,2,2,4
PARK7,3,1,4
NUP98,4,0,4
DSC1,1,3,4
DSC2,1,3,4
IL12RB2,4,0,4
PDIA3,4,0,4
PTGES,4,0,4
MIA,0,4,4
SLIT3,0,4,4
SLN,2,2,4
IL32,2,2,4
GLS2,4,0,4
PDK4,3,1,4
ERF,4,0,4
TNFRSF10C,2,2,4
TNFRSF10D,3,1,4
DUOX1,2,2,4
POT1,0,4,4
HOXA13,2,2,4
HNRNPA2B1,3,1,4
PRICKLE1,3,1,4
SCD,4,0,4
AMHR2,2,2,4
CYSLTR2,0,4,4
CCL27,0,4,4
MAFF,2,2,4
EGLN1,3,1,4
PPIF,3,1,4
STIP1,2,2,4
STAM,4,0,4
KIDINS220,4,0,4
GRIN2D,4,0,4
RIT1,3,1,4
RLF,1,3,4
ECSIT,2,2,4
FLOT1,4,0,4
FSHR,4,0,4
RICTOR,3,1,4
HOXD11,2,2,4
EXOC7,3,1,4
EXT1,1,3,4
EPRS1,3,1,4
CCL18,1,3,4
ADIPOR2,1,3,4
MYO1E,3,1,4
MYO9B,1,3,4
G3BP2,2,2,4
GABARAPL1,3,1,4
RBP1,2,2,4
NSD2,3,1,4
TBR1,2,2,4
RRAGC,3,1,4
GTF2IRD1,2,2,4
MOB1A,2,2,4
GRK4,0,4,4
CCNH,3,1,4
CCNT1,2,2,4
CCNT2,3,1,4
RGMA,1,3,4
CSN2,4,0,4
CHD2,1,3,4
RAB4A,4,0,4
SNAP25,4,0,4
TBC1D1,4,0,4
RRM2B,3,1,4
RPL10,2,2,4
ATG14,2,2,4
PROM1,4,0,4
DMD,4,0,4
NT5E,4,0,4
ERCC3,4,0,4
APH1B,0,4,4
FOXI1,1,3,4
IDH2,4,0,4
HSPE1,0,4,4
PMP22,2,2,4
PNOC,0,4,4
ATAD2,0,4,4
C1QB,2,2,4
CLDN4,4,0,4
P4HB,2,2,4
AKAP5,2,2,4
AKAP8,2,2,4
SPRY1,2,2,4
TRIM5,3,1,4
NCF4,4,0,4
STAMBP,4,0,4
DAPP1,4,0,4
GABRA1,4,0,4
CXCL16,0,4,4
CDC23,4,0,4
RNF20,3,1,4
RNF40,3,1,4
TFF2,1,3,4
TFF3,2,2,4
ELN,4,0,4
CYP11A1,4,0,4
TRIP11,2,2,4
MLST8,2,2,4
CSPG4,4,0,4
GLRA1,4,0,4
GRIK2,4,0,4
CHRM4,0,4,4
COMT,4,0,4
DIO1,4,0,4
C3AR1,4,0,4
HELLS,0,4,4
ARHGEF4,2,2,4
APC2,2,2,4
PPP1R12C,4,0,4
UCP1,4,0,4
RAB8A,4,0,4
SP7,3,1,4
CXADR,3,1,4
ROBO4,4,0,4
TRPM8,4,0,4
SAV1,2,2,4
DLG3,4,0,4
CDH17,3,1,4
EIF3E,0,4,4
PSENEN,2,2,4
CCT2,4,0,4
IL5RA,2,2,4
TARBP2,3,1,4
INHA,0,4,4
TDP2,2,2,4
NPAS2,2,2,4
DHX8,4,0,4
PAX4,2,2,4
PAXIP1,1,3,4
ROBO2,3,1,4
ROR1,2,2,4
ARID1A,4,0,4
ARID4B,4,0,4
BPTF,4,0,4
CACNB4,4,0,4
RPL13A,2,2,4
KISS1,3,1,4
MBD1,1,3,4
MBD2,2,2,4
MBL2,1,3,4
PKMYT1,3,1,4
TBX3,1,3,4
TANK,1,3,4
ADCY8,4,0,4
CACNA1A,4,0,4
CDH6,2,2,4
C5,0,4,4
USP6NL,4,0,4
CCNE2,3,1,4
KAT8,1,3,4
KCNQ1,4,0,4
CBFA2T3,1,3,4
KIF3A,4,0,4
GCK,4,0,4
MAP1LC3C,3,1,4
FGF16,0,4,4
FGF17,0,4,4
FGF18,0,4,4
NACC1,2,2,4
RAB2A,2,2,4
EIF3B,4,0,4
PIP5K1B,4,0,4
STRAP,4,0,4
RAD52,3,1,4
NACA,4,0,4
ORC1,4,0,4
PDS5B,4,0,4
PTPN14,0,4,4
TRAF5,3,1,4
DFFA,3,1,4
RNMT,4,0,4
SMC4,4,0,4
SOX11,4,0,4
FKBP4,2,2,4
MSH2,2,2,4
LEFTY1,1,3,4
FGF20,0,4,4
PFKP,3,1,4
KIF22,4,0,4
TUBB3,4,0,4
ARHGAP22,1,3,4
ARHGAP33,3,1,4
SLURP1,0,4,4
GCLC,4,0,4
SLC9A3,4,0,4
FARP2,1,3,4
TNFSF12,0,4,4
DCK,3,1,4
DCLRE1C,2,2,4
COL6A1,0,4,4
ICOS,2,2,4
SYNPO,4,0,4
TACC3,4,0,4
HAVCR2,4,0,4
CTBP2,2,2,4
POLK,4,0,4
PRKAR1B,2,2,4
SERPINB2,3,1,4
SERPINF1,3,1,4
SEMA3C,1,3,4
SLC6A3,4,0,4
MCM5,4,0,4
MCM6,4,0,4
LCP1,4,0,4
PLIN1,4,0,4
BCORL1,0,4,4
FLRT2,1,3,4
COL7A1,2,2,4
HOXC13,1,3,4
CDKL5,3,1,4
CLTB,4,0,4
KIF7,1,3,4
FZD9,4,0,4
PNKP,4,0,4
ADAMTS1,2,2,4
ADAMTS5,3,1,4
ATP2B2,4,0,4
GJB2,3,1,4
GC,2,2,4
PPP1R13L,2,2,4
PPP1R3A,3,1,4
PDCD1LG2,2,2,4
NDRG2,4,0,4
GABPB1,0,4,4
FOXD3,0,4,4
FOXF1,3,1,4
FOXG1,3,1,4
WNT8B,1,3,4
PJA1,2,2,4
SRGN,3,1,4
SFRP2,1,3,4
OMG,0,4,4
NKD1,1,3,4
BAG2,1,3,4
HLA-DQA2,0,4,4
HLA-DQB2,0,4,4
CC2D1A,2,2,4
MEF2B,4,0,4
RBM39,4,0,4
DBN1,4,0,4
MLKL,4,0,4
ANGPTL3,1,3,4
CARD18,0,4,4
CEP164,3,0,3
TKT,3,0,3
ANPEP,2,1,3
COL9A1,1,2,3
SDHA,2,1,3
SETBP1,0,3,3
SETD1B,0,3,3
SETD5,0,3,3
SETD7,0,3,3
SH3GL1,3,0,3
FOXD1,1,2,3
NDUFS4,3,0,3
CSRP1,2,1,3
TFB2M,2,1,3
GREM1,2,1,3
GDF10,0,3,3
FOXF2,1,2,3
PIP5K1A,2,1,3
SETDB2,0,3,3
DLG2,2,1,3
DLGAP3,0,3,3
CRIM1,0,3,3
LTBP1,1,2,3
DICER1,3,0,3
DSTN,3,0,3
ADA,0,3,3
BCL11B,2,1,3
PCGF2,1,2,3
PPIA,0,3,3
ANAPC5,3,0,3
TDP1,3,0,3
CTF1,0,3,3
PRDX2,3,0,3
ERCC4,3,0,3
MICA,3,0,3
PTCRA,1,2,3
PTGDR,1,2,3
MUTYH,0,3,3
MSR1,2,1,3
ANOS1,1,2,3
CLDN3,3,0,3
RASAL1,0,3,3
TFAP2C,2,1,3
FBLN1,1,2,3
COL6A3,0,3,3
HOXC11,1,2,3
PPP2R1A,0,3,3
FBLN5,2,1,3
LGR6,3,0,3
CRLF2,2,1,3
CTSK,2,1,3
CUL5,2,1,3
CLDN6,3,0,3
DHFR,3,0,3
TPM3,3,0,3
MAP3K13,1,2,3
LZTR1,2,1,3
ASH2L,1,2,3
STXBP4,1,2,3
COL5A3,0,3,3
COL6A2,0,3,3
RASA4,0,3,3
CD1A,3,0,3
FSCN1,3,0,3
NXF1,3,0,3
SLC1A3,3,0,3
ABCC3,3,0,3
CYP1B1,3,0,3
NDUFV1,3,0,3
IFNA4,1,2,3
PRDM16,1,2,3
RARRES2,0,3,3
ATRX,2,1,3
IBSP,1,2,3
IDE,0,3,3
MPRIP,2,1,3
LRP1B,1,2,3
LRRFIP1,2,1,3
NCF2,3,0,3
SEMA6A,1,2,3
SENP2,1,2,3
NAP1L1,2,1,3
PODXL,2,1,3
IL18R1,2,1,3
IL20,0,3,3
DOCK2,1,2,3
GNG3,1,2,3
TTBK1,0,3,3
CACNA1H,3,0,3
ME1,3,0,3
IFNA10,0,3,3
IFNA14,1,2,3
CCNG1,3,0,3
TRAF4,3,0,3
MXD3,3,0,3
SESN1,3,0,3
PGM1,3,0,3
ONECUT2,1,2,3
COL9A2,1,2,3
IGBP1,3,0,3
ERCC1,3,0,3
CCL4L2,0,3,3
CCN3,1,2,3
CCN4,1,2,3
MBD4,2,1,3
ANAPC4,3,0,3
IQGAP3,3,0,3
NCAPG,3,0,3
SOCS5,1,2,3
UQCRC2,3,0,3
RPLP2,3,0,3
ARHGAP26,2,1,3
CREB3,2,1,3
SLX4,2,1,3
EN1,2,1,3
EN2,1,2,3
RASGRP1,3,0,3
XPO5,3,0,3
TEAD4,2,1,3
TLR8,0,3,3
KLF3,2,1,3
HEBP1,0,3,3
PARVA,2,1,3
ISG15,2,1,3
PKLR,3,0,3
TBXT,3,0,3
RAD23A,2,1,3
UGT2B7,3,0,3
EIF4A1,3,0,3
PTBP1,3,0,3
SOS2,1,2,3
STC2,2,1,3
CARD14,2,1,3
HRG,0,3,3
MCC,3,0,3
RSAD2,3,0,3
SOX3,2,1,3
CYTH1,2,1,3
GLA,3,0,3
LIN28A,2,1,3
SERPINA5,2,1,3
RRBP1,3,0,3
TRERF1,3,0,3
ZMYM3,3,0,3
CPT1A,3,0,3
PDLIM4,3,0,3
PPP4R2,3,0,3
PSMD1,3,0,3
RBM14,3,0,3
RBMX,3,0,3
PERP,2,1,3
PMS2,2,1,3
ATG12,2,1,3
NRBF2,1,2,3
TSHZ3,1,2,3
HES6,2,1,3
FNIP1,1,2,3
GGT1,1,2,3
AP2M1,1,2,3
TACSTD2,2,1,3
SPDEF,0,3,3
FLNB,3,0,3
CYP1A1,3,0,3
SLC6A2,3,0,3
SIVA1,2,1,3
TBL1X,0,3,3
HAX1,2,1,3
PPP1R12B,2,1,3
MCM10,1,2,3
RRAGD,2,1,3
CYC1,3,0,3
GJC2,3,0,3
TRIM37,2,1,3
GRSF1,3,0,3
H1-5,3,0,3
CACNA1E,3,0,3
CHTF18,3,0,3
CLMN,3,0,3
CTDNEP1,0,3,3
RPL5,0,3,3
RPRD1B,2,1,3
ORM1,2,1,3
HTR1F,1,2,3
HAND2,1,2,3
MAPKAP1,1,2,3
PPP2R2B,1,2,3
PPP2R5B,0,3,3
HCFC1,1,2,3
HCRT,0,3,3
RBM38,2,1,3
NRG4,0,3,3
KISS1R,1,2,3
NAIP,0,3,3
CRADD,1,2,3
MTHFR,3,0,3
BEX3,3,0,3
MTCP1,0,3,3
MGP,1,2,3
E2F5,2,1,3
CDCA2,2,1,3
CDCA4,1,2,3
CDH15,1,2,3
SMARCA5,3,0,3
HDAC9,1,2,3
SHC2,2,1,3
NEDD8,0,3,3
NEK3,1,2,3
CLK3,2,1,3
GSTA4,3,0,3
CLDN5,3,0,3
CCR9,2,1,3
SARS1,2,1,3
GJA5,3,0,3
AKAP11,1,2,3
ORAI1,2,1,3
MCU,3,0,3
NKX6-1,3,0,3
GLUD1,2,1,3
GMPS,2,1,3
EHF,2,1,3
EHMT1,1,2,3
EIF2AK1,1,2,3
EIF2AK4,1,2,3
EIF2B2,1,2,3
MLF1,0,3,3
IL36G,0,3,3
ADGRE5,2,1,3
BACH2,2,1,3
CLDN16,2,1,3
CRTC3,2,1,3
RGS14,3,0,3
SLC24A2,3,0,3
CYP11B2,3,0,3
EIF4G3,3,0,3
HSPA6,3,0,3
EIF2B3,1,2,3
EIF2B4,1,2,3
PRPF3,3,0,3
RFFL,2,1,3
COL11A1,1,2,3
KDM2A,2,1,3
KDM4A,0,3,3
KDM5D,0,3,3
SELENOP,3,0,3
ACSL1,3,0,3
EIF3A,3,0,3
LRIG3,1,2,3
NPPB,1,2,3
RARRES1,2,1,3
GRIK1,3,0,3
CACNA1D,3,0,3
EVL,3,0,3
CFI,2,1,3
SLC5A1,3,0,3
AKR1C4,3,0,3
ALDOA,3,0,3
DIP2A,0,3,3
IL26,0,3,3
DISC1,1,2,3
DKC1,2,1,3
DKK2,0,3,3
DKK4,0,3,3
OAT,3,0,3
TSG101,3,0,3
IGF2BP1,0,3,3
FERMT3,1,2,3
FFAR3,0,3,3
CNTNAP2,2,1,3
CCL14,0,3,3
RAP2A,1,2,3
ARHGEF10,0,3,3
RND1,2,1,3
VIL1,3,0,3
S100A11,1,2,3
CD24,2,1,3
BMP8B,0,3,3
AKR1B1,0,3,3
AKR1C2,2,1,3
ESM1,3,0,3
PHOX2A,3,0,3
OCA2,3,0,3
STX4,3,0,3
ZDHHC2,0,3,3
YWHAG,2,1,3
NKD2,2,1,3
BAG4,2,1,3
GSTM3,1,2,3
RANBP9,3,0,3
PTGIS,3,0,3
CASP4,1,2,3
CAND1,0,3,3
CAP1,2,1,3
PTX3,2,1,3
SNIP1,0,3,3
SRCAP,0,3,3
PXDN,2,1,3
XCR1,3,0,3
PIK3C2B,3,0,3
RTN4R,3,0,3
ITGAE,2,1,3
ZIC2,1,2,3
ZKSCAN3,0,3,3
GABBR2,3,0,3
COL13A1,3,0,3
MRAS,3,0,3
ANGPT4,1,2,3
SOX5,0,3,3
CX3CR1,2,1,3
TOLLIP,2,1,3
TMPRSS2,2,1,3
GOLPH3,2,1,3
GOPC,0,3,3
XAF1,0,3,3
UBE2T,0,3,3
RND3,2,1,3
RNF126,1,2,3
PSMA6,1,2,3
TELO2,1,2,3
TESK2,0,3,3
ANAPC2,2,1,3
ANAPC7,2,1,3
TRIM71,2,1,3
TRIP13,1,2,3
NUP50,3,0,3
TPM1,3,0,3
RBM15,3,0,3
NMI,1,2,3
NMS,0,3,3
NTSR1,0,3,3
NUDC,2,1,3
PTPRU,1,2,3
RALB,2,1,3
DFFB,3,0,3
CUL4A,3,0,3
DIAPH1,1,2,3
ZFP36L1,3,0,3
ADAR,3,0,3
KRT20,3,0,3
IRAK3,2,1,3
GRM3,2,1,3
CD2,3,0,3
CCRL2,3,0,3
TP53AIP1,2,1,3
NTN4,0,3,3
IFNA7,1,2,3
IFNA8,1,2,3
MAGED1,2,1,3
MAGEL2,2,1,3
CASQ2,3,0,3
MFAP1,3,0,3
AKAP13,2,1,3
SMYD2,1,2,3
MOS,1,2,3
FLNC,3,0,3
NHEJ1,3,0,3
IQGAP2,3,0,3
RXFP2,3,0,3
KCNN4,3,0,3
PGD,3,0,3
AHSA1,1,2,3
DPF2,1,2,3
FRS3,2,1,3
USP2,2,1,3
DUSP8,0,3,3
HIPK3,0,3,3
HJURP,2,1,3
LMO2,0,3,3
LMO3,0,3,3
DPP6,2,1,3
SLAMF1,3,0,3
ADIPOR1,2,1,3
AICDA,3,0,3
HOXD10,1,2,3
SYNGAP1,1,2,3
BIRC7,2,1,3
DEFB4A,1,2,3
DACT2,0,3,3
DAP3,2,1,3
DDX17,1,2,3
DDX20,2,1,3
LHX2,1,2,3
BMP5,1,2,3
GRIP1,1,2,3
MYO5A,1,2,3
SIPA1,2,1,3
SIRPG,2,1,3
PDE1C,3,0,3
CXCR5,3,0,3
WDHD1,2,1,3
ACOX1,2,1,3
HNRNPH2,2,1,3
TNIK,0,3,3
WIF1,1,2,3
WIPI2,2,1,3
CDK12,1,2,3
SFTPC,3,0,3
CALCRL,3,0,3
PAPOLA,3,0,3
JAKMIP1,1,2,3
PROK2,1,2,3
RING1,1,2,3
EDA,0,3,3
CDHR2,1,2,3
HSPA2,1,2,3
SH3GL2,3,0,3
COL10A1,3,0,3
HAMP,3,0,3
TDO2,3,0,3
AIRE,3,0,3
ANAPC11,3,0,3
HIRIP3,3,0,3
HNRNPC,3,0,3
UCN,1,2,3
UCP2,2,1,3
VPS18,2,1,3
TPM2,3,0,3
KMT2B,2,1,3
KMT2E,2,1,3
DTX4,1,2,3
TNIP1,1,2,3
TNKS2,0,3,3
UHRF2,1,2,3
TTR,3,0,3
MMP10,3,0,3
CTNNBIP1,1,2,3
UBA52,2,1,3
UBAP2L,1,2,3
UBE2E3,2,1,3
IL36RN,3,0,3
VAMP2,3,0,3
LIG3,3,0,3
KCNA3,3,0,3
LIN28B,3,0,3
ATIC,2,0,2
ANGPTL1,0,2,2
TOM1L2,2,0,2
PRKAG3,2,0,2
FTO,2,0,2
POLD4,2,0,2
PIP,0,2,2
TBX6,2,0,2
MX1,1,1,2
CLEC4G,1,1,2
LTB,0,2,2
ATP1A3,2,0,2
ATP2A1,2,0,2
NR2E1,2,0,2
EML4,2,0,2
PSMD11,2,0,2
ADAM28,1,1,2
PTGES3,1,1,2
TTI1,1,1,2
PPP2R1B,0,2,2
MYBL1,2,0,2
CRHR2,2,0,2
ARIH2,2,0,2
LAMP2,2,0,2
NECTIN4,2,0,2
YTHDC1,2,0,2
KMT2C,1,1,2
KMT5B,0,2,2
KPNA1,0,2,2
NIN,1,1,2
TOR1AIP1,1,1,2
ALAS1,2,0,2
CD8A,2,0,2
KIRREL3,0,2,2
UBASH3B,0,2,2
UBC,1,1,2
GAMT,2,0,2
EEF1E1,0,2,2
CDH7,1,1,2
CDH8,0,2,2
CDH9,0,2,2
HOXB9,2,0,2
IL17RB,2,0,2
IL27RA,2,0,2
FEZ1,2,0,2
GBX2,2,0,2
HESX1,2,0,2
HSD3B1,2,0,2
MTA3,2,0,2
ACTN4,2,0,2
KRT5,2,0,2
HOXC5,2,0,2
CADM2,0,2,2
WDCP,1,1,2
VDAC2,1,1,2
PDGFD,0,2,2
PON2,1,1,2
CHAD,0,2,2
LGALS3BP,1,1,2
LARP4B,1,1,2
LARP7,1,1,2
NEK8,1,1,2
FGL1,0,2,2
EEA1,2,0,2
CD226,2,0,2
CCL22,0,2,2
CCL24,0,2,2
ECHS1,2,0,2
NONO,1,1,2
STOM,1,1,2
STRADA,1,1,2
STRADB,0,2,2
STRN,0,2,2
DENR,1,1,2
DACH1,1,1,2
DDX41,1,1,2
CCL17,0,2,2
MYO6,1,1,2
PDE1B,2,0,2
DDX6,1,1,2
SIK3,1,1,2
SIKE1,1,1,2
SIM2,1,1,2
SLC3A2,1,1,2
FAM13A,1,1,2
GXYLT2,0,2,2
HOMER1,0,2,2
ZNF318,1,1,2
SKAP1,2,0,2
CKAP4,2,0,2
GH2,1,1,2
GHRL,1,1,2
ITPR2,1,1,2
EPGN,0,2,2
ZNF281,2,0,2
BRDT,1,1,2
KANK1,1,1,2
RHOH,0,2,2
LDHB,2,0,2
HOXD13,0,2,2
IFNE,0,2,2
RTF1,2,0,2
DHX16,2,0,2
AP3B2,2,0,2
HOXB6,2,0,2
SF3B2,2,0,2
SLC39A7,2,0,2
SPRED1,1,1,2
DYNLL2,0,2,2
MOV10,0,2,2
COPS6,2,0,2
LARP1,2,0,2
SRSF10,2,0,2
RXFP1,2,0,2
NLGN1,1,1,2
DOK3,1,1,2
DDX1,1,1,2
IFNK,0,2,2
PDE4DIP,0,2,2
MYL3,2,0,2
GPT,2,0,2
CYP3A5,2,0,2
TRIM29,2,0,2
XAB2,2,0,2
ATXN2,2,0,2
GRM2,1,1,2
GRM8,1,1,2
FOXN1,1,1,2
SERBP1,2,0,2
CNBP,1,1,2
NTN3,0,2,2
IFNA6,0,2,2
MYL1,2,0,2
DIAPH3,1,1,2
REPS2,1,1,2
REV1,1,1,2
TMOD1,1,1,2
PITX3,1,1,2
FLG,2,0,2
SH2D2A,2,0,2
NAGLU,2,0,2
MLLT3,1,1,2
BTAF1,1,1,2
PBX3,1,1,2
LIMD1,2,0,2
RBM17,2,0,2
ZNF516,2,0,2
ZNF521,1,1,2
ADAMTS4,1,1,2
SRMS,0,2,2
SRP54,0,2,2
STIL,1,1,2
CLIP2,2,0,2
MT2A,2,0,2
LINGO1,2,0,2
KLB,2,0,2
KCNJ3,2,0,2
NEUROG2,2,0,2
PTGDS,2,0,2
PDLIM5,2,0,2
CACNB1,2,0,2
ILKAP,2,0,2
SLC6A8,1,1,2
CBFB,1,1,2
CNOT3,1,1,2
CNP,1,1,2
CCL15,0,2,2
ZFX,1,1,2
RLN1,0,2,2
BNIP2,1,1,2
AKAP9,1,1,2
RNASEL,2,0,2
PI4K2A,1,1,2
PICALM,0,2,2
OLIG2,2,0,2
BAP1,0,2,2
GSTM2,1,1,2
NPY2R,2,0,2
NETO2,2,0,2
SLCO1B1,2,0,2
ZFP42,2,0,2
SLC25A20,2,0,2
COX4I1,2,0,2
ATP5PO,2,0,2
HSF4,2,0,2
NDUFS8,2,0,2
UQCRC1,2,0,2
PPP1R14C,2,0,2
SLC1A6,2,0,2
DIO2,1,1,2
COX7C,2,0,2
SDHC,2,0,2
PCMT1,2,0,2
IQSEC1,0,2,2
FEZF2,1,1,2
RNF135,1,1,2
INVS,1,1,2
UBE2B,2,0,2
SPRR1B,2,0,2
CA9,2,0,2
GNMT,2,0,2
KCNJ13,2,0,2
CFD,1,1,2
BABAM1,1,1,2
KRT4,2,0,2
SSPN,2,0,2
ABCG5,2,0,2
ABCG8,2,0,2
ACADM,2,0,2
CYP2C9,2,0,2
CYP2D6,2,0,2
CYP8B1,2,0,2
SIRT4,1,1,2
CDH16,1,1,2
KCTD13,1,1,2
PRTG,1,1,2
AKR1C3,2,0,2
CPT2,2,0,2
GLUL,2,0,2
NPC1,2,0,2
RASSF2,2,0,2
SLC31A2,2,0,2
CLDN11,2,0,2
CYP24A1,2,0,2
CYP27B1,2,0,2
DHX36,2,0,2
HNRNPL,2,0,2
NPVF,0,2,2
IL34,0,2,2
ADGRB1,1,1,2
DNAJB4,1,1,2
CCDC88C,1,1,2
KCNK9,2,0,2
PAH,2,0,2
RGS10,2,0,2
SLC4A4,2,0,2
SRY,2,0,2
CRIP2,2,0,2
CST4,2,0,2
ARX,2,0,2
PARN,1,1,2
RABEP1,1,1,2
UGT1A9,2,0,2
SCO2,1,1,2
PROKR2,2,0,2
PFKL,2,0,2
DGKD,2,0,2
PACRG,2,0,2
CA2,1,1,2
C4B,0,2,2
UGT1A4,2,0,2
KIF5C,2,0,2
SLC1A1,2,0,2
SLC39A8,2,0,2
ABRAXAS1,1,1,2
GPRC5A,2,0,2
RAD1,1,1,2
TCL1B,0,2,2
TCN2,0,2,2
IL33,1,1,2
CRYBA4,2,0,2
FMNL2,2,0,2
GIT2,2,0,2
SLC6A9,2,0,2
SNAP23,2,0,2
TUBA1C,2,0,2
AP2A1,2,0,2
AQP2,2,0,2
EDAR,2,0,2
EHD1,1,1,2
HDAC8,1,1,2
AFF1,2,0,2
IL17F,0,2,2
IL11RA,1,1,2
TNR,2,0,2
MAOA,2,0,2
KCTD11,0,2,2
KPNA4,0,2,2
KPNB1,1,1,2
STK25,1,1,2
PPP2R2C,1,1,2
FBXO3,0,2,2
CACNA2D2,1,1,2
ACHE,2,0,2
ISL1,2,0,2
DBNL,1,1,2
DCAF1,0,2,2
MT3,0,2,2
E2F7,0,2,2
SLITRK3,1,1,2
CDCP1,1,1,2
CDH11,1,1,2
NSD1,0,2,2
STARD13,0,2,2
NSD3,0,2,2
MADD,1,1,2
EGR3,1,1,2
UTRN,2,0,2
ANXA5,2,0,2
PLVAP,2,0,2
GSTA1,2,0,2
FCRL4,2,0,2
GPR161,1,1,2
KAT6B,1,1,2
EIF4EBP2,1,1,2
EIF4H,1,1,2
CD160,1,1,2
C9orf72,1,1,2
ATAD5,1,1,2
TFG,0,2,2
PLTP,1,1,2
TSLP,0,2,2
FNIP2,0,2,2
ARHGEF9,1,1,2
HMGCS1,2,0,2
NREP,2,0,2
GPSM2,2,0,2
KLK4,2,0,2
PRDX6,2,0,2
TLX2,2,0,2
CLTCL1,2,0,2
BNC1,2,0,2
SH3BP4,1,1,2
CSTF2T,2,0,2
SEPTIN12,1,1,2
SEPTIN9,1,1,2
SIGMAR1,1,1,2
SRSF3,1,1,2
TRAF7,1,1,2
RNPS1,2,0,2
SUGP2,2,0,2
ACTG1,2,0,2
SLC2A3,2,0,2
PTGS1,2,0,2
AQP3,2,0,2
C8A,2,0,2
HNRNPF,2,0,2
MNX1,2,0,2
SMCR8,0,2,2
HSPA9,1,1,2
PRODH,2,0,2
SOX1,0,2,2
PELI2,1,1,2
RNF6,1,1,2
HRK,0,2,2
NEIL2,2,0,2
HOXC4,2,0,2
IFIT1,2,0,2
OAS1,2,0,2
QKI,2,0,2
EED,2,0,2
TCEA1,1,1,2
GDI1,1,1,2
EBI3,0,2,2
GOT1,2,0,2
PTP4A2,1,1,2
TMED10,1,1,2
RNF14,1,1,2
NOXO1,1,1,2
MAP3K9,1,1,2
HERPUD1,1,1,2
PARP2,1,1,2
PKN3,1,1,2
IRX4,1,1,2
ERC1,1,1,2
LBX1,0,2,2
RAD51C,1,1,2
RAG1,1,1,2
UGT1A10,2,0,2
UGT1A7,2,0,2
UGT1A8,2,0,2
HLA-E,2,0,2
PCLAF,2,0,2
FXYD2,2,0,2
ARHGAP15,1,1,2
ENC1,1,1,2
CENPF,2,0,2
ARG2,2,0,2
RPA3,2,0,2
AQP5,2,0,2
FABP7,2,0,2
FOXI2,2,0,2
HEYL,2,0,2
GSTA2,2,0,2
KCNJ15,2,0,2
MICB,2,0,2
OGDH,2,0,2
INPP4B,0,2,2
ERCC2,1,1,2
IFNL3,0,2,2
IFNW1,0,2,2
ELOC,1,1,2
GCLM,2,0,2
ANXA4,2,0,2
TPT1,2,0,2
AJUBA,2,0,2
LMNB2,2,0,2
PHF8,2,0,2
RAB5B,2,0,2
CCNG2,2,0,2
DEPDC1,2,0,2
NUF2,2,0,2
SOCS6,0,2,2
OTUD5,1,1,2
IGFBP2,2,0,2
HYOU1,2,0,2
GPC5,2,0,2
S100A2,2,0,2
SH2D1A,2,0,2
RASGRP2,2,0,2
SCP2,2,0,2
SLC16A1,2,0,2
SLC26A3,2,0,2
LRRTM3,2,0,2
CYTH3,0,2,2
PLA2G6,0,2,2
PLAAT3,0,2,2
PLAC8,1,1,2
PYHIN1,0,2,2
COL9A3,0,2,2
MMP26,0,2,2
MNAT1,1,1,2
ASH1L,0,2,2
CENPX,1,1,2
CEP290,1,1,2
ORC2,2,0,2
POLL,2,0,2
PUM2,2,0,2
DOK5,2,0,2
PSMB4,2,0,2
PRMT2,0,2,2
RASSF5,0,2,2
PRDM14,1,1,2
SALL1,2,0,2
SEC23A,2,0,2
SEC23B,2,0,2
ZFYVE16,2,0,2
CD83,2,0,2
SLC7A1,2,0,2
DCAF7,0,2,2
ATP6AP1,0,2,2
ATP7A,1,1,2
IFNA5,0,2,2
NBEA,0,2,2
NCAN,0,2,2
NCBP1,1,1,2
SMPD1,2,0,2
COPS2,0,2,2
COPS3,1,1,2
ALPI,1,1,2
TNFRSF13B,2,0,2
LRRFIP2,0,2,2
ASIP,0,2,2
MYO18A,2,0,2
PDE4C,2,0,2
DBI,2,0,2
PFKFB1,2,0,2
PTPRCAP,2,0,2
TPPP,2,0,2
CST3,2,0,2
RBBP4,1,1,2
SDHB,2,0,2
CACNA1G,2,0,2
LDHC,2,0,2
IFNA16,0,2,2
IFNA17,0,2,2
IFNA21,0,2,2
ICMT,0,2,2
FTH1,2,0,2
GPX2,2,0,2
TUBB2A,2,0,2
RPS6KA6,1,1,2
CUL2,1,1,2
MSI2,1,1,2
LCN2,0,2,2
SERPINB9,1,1,2
SLC5A8,2,0,2
SOD3,2,0,2
CLDN8,2,0,2
SIX6,2,0,2
CTSA,2,0,2
TNIP2,2,0,2
THBS3,0,2,2
THBS4,0,2,2
RECQL5,1,1,2
NR1D2,1,1,2
ELOA,2,0,2
TUBGCP6,2,0,2
CPEB1,2,0,2
CHRNA4,2,0,2
OMD,2,0,2
PSMC3,0,2,2
ANKS1B,1,1,2
NDUFV2,2,0,2
PADI3,2,0,2
PON1,2,0,2
FAAP24,0,2,2
HOXB4,1,1,2
CDK5RAP3,0,2,2
FBLN2,0,2,2
SLC26A4,2,0,2
TRIP4,2,0,2
DCLRE1A,2,0,2
NCKIPSD,2,0,2
CHRNB2,1,1,2
MVP,0,2,2
SCUBE2,1,1,2
NDUFA8,2,0,2
GADD45G,2,0,2
FBXL17,0,2,2
FBXO11,0,2,2
FGF22,0,2,2
GJB6,1,1,2
GRHL2,1,1,2
GRIA3,1,1,2
FANCG,1,1,2
TIMD4,1,1,2
TNFRSF6B,1,1,2
TEAD2,2,0,2
TEAD3,2,0,2
CCNB1IP1,2,0,2
IFITM1,1,1,2
RPS27A,2,0,2
CLDN9,2,0,2
PLCB4,0,2,2
MGLL,2,0,2
AP2B1,2,0,2
ELOVL6,2,0,2
RBM4,2,0,2
RCC1,2,0,2
PRF1,2,0,2
ARG1,2,0,2
MARCHF11,1,0,1
HSD17B1,1,0,1
SYNE3,1,0,1
LARS2,1,0,1
NARS2,1,0,1
ATMIN,1,0,1
ANTXR1,1,0,1
CRABP1,1,0,1
CBX7,0,1,1
CSNK2A3,0,1,1
UBE2E1,0,1,1
PHF6,0,1,1
KIF5A,0,1,1
TUBA3E,1,0,1
TUBA3C,1,0,1
POSTN,1,0,1
HTR5A,1,0,1
SECISBP2L,1,0,1
PHLDA1,1,0,1
KNSTRN,1,0,1
XRCC2,1,0,1
SMARCAL1,1,0,1
DGKA,1,0,1
CELF2,1,0,1
S100P,1,0,1
H2BC9,1,0,1
INF2,1,0,1
SERPINB1,1,0,1
LTBP3,0,1,1
SETD1A,0,1,1
SDHAF2,0,1,1
GAS2L1,1,0,1
TUBB6,1,0,1
TUBB4B,1,0,1
TUBB4A,1,0,1
TUBA8,1,0,1
CARS1,1,0,1
AARS2,1,0,1
LHX8,1,0,1
PLP1,1,0,1
SS18L1,0,1,1
PRKAG2,0,1,1
ELAVL2,0,1,1
EVC2,1,0,1
EVC,1,0,1
SUV39H2,1,0,1
SEC16B,1,0,1
MUC6,1,0,1
TPP1,1,0,1
NDUFB10,1,0,1
NDUFA13,1,0,1
NDUFA1,1,0,1
SQLE,1,0,1
GLRB,1,0,1
POLRMT,1,0,1
GJC1,1,0,1
SMARCA1,1,0,1
SLC25A1,1,0,1
SERTAD2,0,1,1
MSMP,0,1,1
CHP1,0,1,1
DOCK3,0,1,1
GLIS3,1,0,1
MSLN,1,0,1
IDI1,1,0,1
LIPF,1,0,1
CHRNB4,1,0,1
LAT2,1,0,1
AEBP2,1,0,1
ZP1,1,0,1
SERPINH1,1,0,1
PNPLA3,0,1,1
NANOS1,0,1,1
SF3B4,0,1,1
SEMA4F,0,1,1
MGST1,1,0,1
GCNT1,1,0,1
PRAME,1,0,1
COL11A2,1,0,1
HSD17B4,1,0,1
PLXNC1,1,0,1
HDAC10,0,1,1
FUT4,1,0,1
CELSR2,1,0,1
UBE2H,1,0,1
ATP6V0D2,1,0,1
HR,1,0,1
EDN2,1,0,1
ASCC3,1,0,1
SEPTIN6,1,0,1
OTX1,1,0,1
SEC24D,1,0,1
SEC24C,1,0,1
SEC24A,1,0,1
TRO,1,0,1
AIFM2,1,0,1
CDC45,1,0,1
DOC2A,0,1,1
IL1F10,0,1,1
AMELX,0,1,1
SLCO1A2,1,0,1
SLC6A6,1,0,1
ATP2A3,1,0,1
HMGCS2,1,0,1
GALT,1,0,1
TUBB1,1,0,1
TMEM37,1,0,1
STAMBPL1,1,0,1
SLC11A2,1,0,1
TRIAP1,1,0,1
TP53I3,1,0,1
TIGAR,1,0,1
STEAP3,1,0,1
SLC38A2,1,0,1
SCN3B,1,0,1
SCARA3,1,0,1
P4HA2,1,0,1
P2RX6,1,0,1
SSH3,0,1,1
SSH2,0,1,1
PSAT1,1,0,1
PRRG4,1,0,1
KDM7A,0,1,1
SOHLH2,0,1,1
ST8SIA4,0,1,1
DNAJC8,1,0,1
CTSZ,1,0,1
ADRM1,0,1,1
DAAM2,0,1,1
VSTM4,1,0,1
DYNC1H1,1,0,1
UBD,1,0,1
DAD1,1,0,1
PGM2,1,0,1
GSTM1,1,0,1
ARFGAP2,1,0,1
ITLN1,1,0,1
RAE1,0,1,1
MYCBP,0,1,1
SPO11,1,0,1
SLC22A10,1,0,1
PLA1A,1,0,1
PRM1,1,0,1
ATP1B2,1,0,1
ASPA,1,0,1
ADAM19,1,0,1
DEPDC5,1,0,1
RASA3,1,0,1
ATP5F1E,1,0,1
MIXL1,1,0,1
MYCL,1,0,1
CYP1A2,1,0,1
C1S,1,0,1
APOH,1,0,1
APCS,1,0,1
NAPA,1,0,1
MT1X,1,0,1
ITIH4,1,0,1
CACNA2D3,0,1,1
SEPTIN4,0,1,1
SEM1,0,1,1
HSD17B2,1,0,1
SHMT2,1,0,1
SH3BGRL3,0,1,1
SHMT1,1,0,1
FUT3,1,0,1
CDH24,0,1,1
EIF5A,0,1,1
EIF4E2,0,1,1
PATZ1,0,1,1
ANXA7,0,1,1
ANXA6,0,1,1
TMEM222,1,0,1
RAB11B,1,0,1
H2AC6,1,0,1
CLP1,1,0,1
MCM8,1,0,1
RGS6,0,1,1
RGS4,0,1,1
RGS3,0,1,1
ARHGAP10,0,1,1
SNTB1,0,1,1
SEMG2,1,0,1
SNRPB,1,0,1
CDH23,0,1,1
CDH22,0,1,1
CDH20,0,1,1
CDH19,0,1,1
IL17RD,0,1,1
IL17B,0,1,1
GAS7,0,1,1
EAF2,0,1,1
SLC18A3,1,0,1
PGA5,1,0,1
PIP4K2C,1,0,1
NAA10,0,1,1
CD1D,0,1,1
BCL2L12,1,0,1
SCEL,0,1,1
CAB39,0,1,1
TSKU,1,0,1
TDRD1,1,0,1
EPB41L4B,1,0,1
TCP1,1,0,1
CCT8,1,0,1
RAB27A,1,0,1
PAPSS2,1,0,1
MLPH,1,0,1
LSS,1,0,1
GPX3,1,0,1
CLDN18,1,0,1
ARL4C,1,0,1
AOX1,1,0,1
ABCC4,1,0,1
RASAL2,1,0,1
PAQR3,1,0,1
GSR,1,0,1
CPT1C,1,0,1
SMYD5,1,0,1
HOXB5,1,0,1
CLDN14,0,1,1
CKS2,0,1,1
AIF1,0,1,1
CYP26A1,1,0,1
CAPN10,1,0,1
ACTG2,1,0,1
SLC8A1,1,0,1
WFDC2,1,0,1
TMEM97,1,0,1
SFTPA2,1,0,1
CNTRL,0,1,1
NELL2,1,0,1
CCT7,1,0,1
IL27,0,1,1
LMAN2,0,1,1
PPP4R3A,0,1,1
SCGB3A1,0,1,1
CCT6A,1,0,1
CCT5,1,0,1
CCT4,1,0,1
CCT3,1,0,1
UGT1A6,1,0,1
KRT15,1,0,1
HSD17B10,1,0,1
MLLT6,1,0,1
UCP3,1,0,1
TBX18,1,0,1
EOMES,1,0,1
SLC34A1,1,0,1
SNRPE,1,0,1
NDUFB3,1,0,1
GNG10,1,0,1
TSPAN17,1,0,1
GPNMB,1,0,1
SLC39A14,1,0,1
PNMT,1,0,1
NUP160,1,0,1
TAF15,1,0,1
PRSS23,0,1,1
EIF3F,0,1,1
CDH18,0,1,1
COL21A1,0,1,1
UQCRQ,1,0,1
UQCRH,1,0,1
UQCRFS1,1,0,1
SLC25A11,1,0,1
PDHB,1,0,1
NDUFS1,1,0,1
NDUFB11,1,0,1
NDUFAB1,1,0,1
NDUFA6,1,0,1
NDUFA3,1,0,1
NDUFA10,1,0,1
ALDH4A1,1,0,1
ABCB4,1,0,1
HAGH,1,0,1
PLIN2,1,0,1
CIDEC,1,0,1
COX6A1,1,0,1
COX5A,1,0,1
BRK1,1,0,1
ATP5MC3,1,0,1
CYP11B1,1,0,1
BCL7A,1,0,1
ARL2,1,0,1
ALOX5AP,1,0,1
IL25,0,1,1
BTG3,0,1,1
EMX2,1,0,1
COX4I2,1,0,1
ATP5MC2,1,0,1
ATP5MC1,1,0,1
WDR5,1,0,1
CHD1L,1,0,1
NDUFS3,1,0,1
DNMT3L,1,0,1
MED12,1,0,1
NKX2-2,1,0,1
PIGF,0,1,1
CHRD,1,0,1
TOMM20,1,0,1
TFB1M,1,0,1
SLC46A1,1,0,1
SLC25A5,1,0,1
SDHD,1,0,1
COX8A,1,0,1
COX7B,1,0,1
COX7A2,1,0,1
COX6C,1,0,1
COX6B1,1,0,1
DCP1A,1,0,1
TRAP1,1,0,1
SULT4A1,1,0,1
PI3,0,1,1
ANG,0,1,1
MLLT11,0,1,1
FANCF,1,0,1
CENPS,1,0,1
SULT2A1,1,0,1
CXCL17,0,1,1
CXCL14,0,1,1
SLC7A5,0,1,1
SP6,0,1,1
MAGEA11,1,0,1
VDAC3,1,0,1
UQCRB,1,0,1
SPINK1,0,1,1
CNMD,0,1,1
PAFAH1B2,0,1,1
PAF1,0,1,1
FAN1,1,0,1
MUC15,1,0,1
FOXN3,0,1,1
PCDH9,0,1,1
PCDH10,0,1,1
RYR3,1,0,1
CLEC4M,1,0,1
VPS16,1,0,1
ARFIP2,1,0,1
PDE4A,1,0,1
HSPA1L,1,0,1
DAZL,1,0,1
JAZF1,0,1,1
RIMBP2,0,1,1
BRD7,0,1,1
SLC6A1,1,0,1
ITPR3,0,1,1
FRAT2,0,1,1
FOXQ1,0,1,1
GADD45B,0,1,1
HMMR,1,0,1
SGCG,1,0,1
PKP1,1,0,1
TBC1D7,1,0,1
SLC7A11,1,0,1
PYGO2,1,0,1
PIK3R6,1,0,1
SMYD3,0,1,1
IVL,1,0,1
DMBT1,1,0,1
DEFA6,1,0,1
DEFA5,1,0,1
TPD52,1,0,1
HOMER3,1,0,1
CSH2,0,1,1
CSH1,0,1,1
SLC34A2,0,1,1
SLC2A4RG,0,1,1
SIM1,0,1,1
SIL1,0,1,1
PDE1A,1,0,1
KIF1A,1,0,1
HPN,0,1,1
RHOD,0,1,1
OLIG1,0,1,1
NINJ1,0,1,1
BRCC3,0,1,1
RAB5C,0,1,1
RAB39B,0,1,1
CCL23,0,1,1
IFITM3,1,0,1
COX11,1,0,1
CER1,1,0,1
HIP1R,1,0,1
RRAS2,1,0,1
SLC16A7,1,0,1
ARF5,1,0,1
COMMD1,1,0,1
GPR182,1,0,1
RPN1,1,0,1
TNK1,0,1,1
PDK3,0,1,1
KMT5C,0,1,1
ACTL6A,0,1,1
QSOX1,1,0,1
PLOD2,1,0,1
PGRMC2,1,0,1
TBC1D3,1,0,1
PRRC2C,1,0,1
GDF3,1,0,1
ALPG,1,0,1
CAPZB,1,0,1
PFN2,1,0,1
RIOK3,0,1,1
RPL7,1,0,1
ADI1,1,0,1
WFS1,0,1,1
HOOK3,0,1,1
PORCN,0,1,1
DUOX2,0,1,1
TNFSF4,0,1,1
WDR48,0,1,1
RMND5B,1,0,1
RMND5A,1,0,1
PEX10,1,0,1
MKRN3,1,0,1
CASQ1,1,0,1
PRSS1,1,0,1
SIX2,1,0,1
TRH,1,0,1
RUNX1T1,1,0,1
TOX2,0,1,1
TRIM50,1,0,1
LHX1,0,1,1
CALML3,0,1,1
MAGEC2,0,1,1
FABP5,0,1,1
HOMER2,0,1,1
UTS2,0,1,1
NKX6-3,0,1,1
TRIM49,1,0,1
TRIM36,1,0,1
TRIM31,1,0,1
DEFB1,0,1,1
SIAH3,1,0,1
RNF44,1,0,1
RNF213,1,0,1
RNF157,1,0,1
LITAF,1,0,1
CASP14,1,0,1
TPI1,1,0,1
LMO1,0,1,1
PDCD6,0,1,1
DDAH1,0,1,1
ZNF462,0,1,1
ZNF384,0,1,1
UCHL1,0,1,1
IL37,1,0,1
MDH1,1,0,1
PGRMC1,1,0,1
LZTS2,1,0,1
LEMD3,1,0,1
LAMTOR1,1,0,1
VPS41,1,0,1
PKIB,0,1,1
ABAT,0,1,1
RUVBL2,0,1,1
UBR2,0,1,1
UBIAD1,0,1,1
XCL2,0,1,1
XCL1,0,1,1
TET3,0,1,1
CXCR6,1,0,1
IRF6,1,0,1
PSMD9,1,0,1
PIK3IP1,1,0,1
GYPA,1,0,1
MYL5,1,0,1
SARAF,1,0,1
PYGO1,1,0,1
GTF2H2,0,1,1
GTF2H1,0,1,1
GSTO1,0,1,1
ZBTB7A,0,1,1
ZIC3,0,1,1
ARHGAP4,0,1,1
MLXIP,1,0,1
ELL,1,0,1
E2F8,1,0,1
SLC25A31,1,0,1
LCN1,1,0,1
HLF,1,0,1
WASF3,1,0,1
MSH5,1,0,1
C1QC,1,0,1
PIK3C2G,1,0,1
ARHGEF26,0,1,1
ZFP91,0,1,1
CNTN6,0,1,1
CNOT9,0,1,1
FGD5,0,1,1
FGD4,0,1,1
FGD1,0,1,1
FEV,0,1,1
NCOA7,0,1,1
FANCE,1,0,1
SOX7,1,0,1
MYO1C,1,0,1
TMEFF2,1,0,1
CAMTA1,0,1,1
ABCB11,1,0,1
SMARCD1,1,0,1
PARG,0,1,1
HUS1,0,1,1
IGSF1,0,1,1
DNER,0,1,1
DNAJB9,0,1,1
AZI2,0,1,1
KCNJ5,1,0,1
KCNJ2,1,0,1
KCNA4,1,0,1
GJA8,1,0,1
DYNLRB1,1,0,1
APOBEC3B,1,0,1
SERPIND1,1,0,1
SETMAR,1,0,1
INTS6,0,1,1
CDC42EP3,0,1,1
CDH10,0,1,1
CDCA7L,0,1,1
IL36B,0,1,1
IL36A,0,1,1
TCF7L1,0,1,1
EID2,0,1,1
NUMBL,0,1,1
TPH2,1,0,1
SEC14L2,1,0,1
RGS18,1,0,1
PSMC5,1,0,1
PDE8A,1,0,1
PDE10A,1,0,1
KCNN2,1,0,1
CCL1,0,1,1
CCK,0,1,1
PLA2G10,1,0,1
HDC,1,0,1
SIRPB1,1,0,1
TBKBP1,0,1,1
IL31,0,1,1
STK19,0,1,1
PPID,0,1,1
ORC3,0,1,1
SEPTIN8,1,0,1
STXBP3,1,0,1
RGS7,1,0,1
RAB37,1,0,1
DGKZ,1,0,1
BATF,1,0,1
CDH13,0,1,1
CDH12,0,1,1
RORB,0,1,1
MAGEA3,0,1,1
ARHGEF28,0,1,1
NRBP1,0,1,1
RPGR,0,1,1
ATG101,0,1,1
ATE1,0,1,1
PNP,0,1,1
TRAF3IP2,1,0,1
PBXIP1,1,0,1
PAGE4,1,0,1
PRICKLE2,1,0,1
SNAP29,1,0,1
IL18RAP,1,0,1
TMEM219,1,0,1
VAPB,1,0,1
MT1G,1,0,1
PRKRA,0,1,1
IRX5,0,1,1
TLX3,0,1,1
WNK2,0,1,1
WLS,0,1,1
TIAM2,0,1,1
DNAJA1,1,0,1
ATP5F1A,1,0,1
ARF4,1,0,1
IFI44,1,0,1
PAX9,1,0,1
H2AC8,1,0,1
BANF1,1,0,1
CCNB2,1,0,1
CAPNS1,0,1,1
PTTG2,1,0,1
POM121,1,0,1
NUP210,1,0,1
NDUFV3,1,0,1
NDUFS2,1,0,1
NDUFB6,1,0,1
NDUFA12,1,0,1
DHX29,1,0,1
BTN3A1,1,0,1
RAB14,1,0,1
MYL6,1,0,1
EDA2R,1,0,1
DLD,1,0,1
CRLF3,1,0,1
ASPN,1,0,1
TNNI1,1,0,1
ING5,1,0,1
CEP63,0,1,1
BBS1,0,1,1
PFKFB4,0,1,1
PF4V1,0,1,1
MMP25,0,1,1
TSSK4,0,1,1
PKP2,0,1,1
LSAMP,0,1,1
HIRA,1,0,1
CUL4B,1,0,1
ARID4A,1,0,1
VGLL4,1,0,1
TFPT,1,0,1
SRSF9,1,0,1
RBBP5,1,0,1
GKN1,1,0,1
GJA4,1,0,1
ID4,0,1,1
PRCC,0,1,1
PPRC1,0,1,1
RASSF6,0,1,1
DDX3Y,1,0,1
ARFGAP3,1,0,1
SDS,1,0,1
INSRR,1,0,1
CORO1A,1,0,1
TSPYL2,1,0,1
SRSF6,1,0,1
POLM,1,0,1
NUP133,1,0,1
NPAT,1,0,1
CDYL,1,0,1
RS1,1,0,1
THEM4,0,1,1
STYK1,0,1,1
MACC1,0,1,1
CORIN,0,1,1
ESRRB,1,0,1
GPR83,1,0,1
RBFOX1,1,0,1
GPRIN1,1,0,1
PPP2R2D,1,0,1
POLQ,1,0,1
HCN1,1,0,1
CARTPT,1,0,1
PLA2G7,1,0,1
CITED1,1,0,1
NUP62,1,0,1
EXOC8,1,0,1
YTHDF2,1,0,1
SNED1,1,0,1
SHC4,1,0,1
GLE1,1,0,1
DYNC1I2,1,0,1
DNAJC30,1,0,1
CEP170,1,0,1
ATG2B,1,0,1
AKAP4,1,0,1
SLC1A2,1,0,1
UBE2C,1,0,1
STEAP4,1,0,1
ANO7,1,0,1
SNRPN,1,0,1
CREB3L2,1,0,1
MGA,1,0,1
RBFOX3,1,0,1
FTL,1,0,1
FAAP100,0,1,1
FKBP6,0,1,1
TIPRL,0,1,1
RASA2,0,1,1
CBR3,1,0,1
HBD,1,0,1
MYOF,1,0,1
ADCY4,1,0,1
ADCY10,1,0,1
TLN2,1,0,1
PIP4K2B,1,0,1
MYL4,1,0,1
ATP7B,1,0,1
AQP9,1,0,1
ERAL1,1,0,1
APOD,0,1,1
CELF4,0,1,1
CDO1,0,1,1
BCL11A,0,1,1
BCAN,0,1,1
YKT6,1,0,1
LLGL1,1,0,1
NLRP5,1,0,1
MIIP,1,0,1
NAE1,1,0,1
LBP,1,0,1
DNPEP,1,0,1
STXBP2,1,0,1
EXOSC9,1,0,1
DPF3,1,0,1
CALU,1,0,1
DBH,1,0,1
MYO15A,0,1,1
CXXC4,0,1,1
FBXL3,0,1,1
CSRP2,0,1,1
ZBTB33,1,0,1
AFF3,1,0,1
EXOC2,1,0,1
MAGI1,1,0,1
WHRN,1,0,1
MYL6B,1,0,1
EFTUD2,1,0,1
PTRH2,1,0,1
PPP2R3A,1,0,1
POLN,1,0,1
GPS1,1,0,1
RUVBL1,1,0,1
CIP2A,1,0,1
CDX4,1,0,1
POLI,1,0,1
CETN3,1,0,1
RMI2,1,0,1
PHLDB2,1,0,1
CHD1,1,0,1
CAAP1,1,0,1
SEPTIN2,1,0,1
PSMD3,1,0,1
MUS81,1,0,1
MAPRE2,1,0,1
DTYMK,1,0,1
LYVE1,1,0,1
SCARA5,1,0,1
MEX3D,1,0,1
PPP2R3B,1,0,1
EBF1,1,0,1
REC8,1,0,1
DIAPH2,1,0,1
SOX8,1,0,1
PSMD7,1,0,1
PSMC2,1,0,1
PSMB1,1,0,1
MAEA,1,0,1
IHO1,1,0,1
TTF1,1,0,1
VANGL2,1,0,1
CCDC65,1,0,1
ARNT2,1,0,1
CLDN12,1,0,1
CYP51A1,1,0,1
OPCML,1,0,1
RPS11,1,0,1
RAB10,1,0,1
SLC45A2,1,0,1
CPSF3,1,0,1
PPFIBP1,1,0,1
MPP5,1,0,1
CAVIN2,1,0,1
CIR1,1,0,1
NOP53,1,0,1
NABP2,1,0,1
MLLT1,1,0,1
