Node_Name,Incoming_Edges,Outgoing_Edges,Total_Edges
MAPK1,230,392,622
GSK3B,71,534,605
MAPK14,113,423,536
PRKCA,68,466,534
SRC,158,376,534
CDK1,39,487,526
MAPK3,188,285,473
CDK2,47,404,451
TP53,246,204,450
PRKACA,35,410,445
AKT1,136,308,444
TNF,120,272,392
MAPK8,137,247,384
EGFR,171,184,355
RPS6KA3,22,310,332
CSNK2A1,8,305,313
PRKCB,24,263,287
ATM,53,233,286
TGFB1,59,198,257
UBE2I,3,253,256
FOXO1,56,173,229
CALM3,14,214,228
ABL1,54,173,227
STAT3,158,66,224
MYC,122,94,216
CTNNB1,168,47,215
PRKDC,23,191,214
RAC1,156,55,211
ESR1,135,75,210
CSNK2A2,1,206,207
AR,134,70,204
FYN,55,148,203
EGF,39,154,193
INSR,65,125,190
IL1B,56,119,175
HOXA9,15,159,174
RHOA,126,47,173
EP300,58,114,172
MAPK9,46,125,171
PRKCD,41,127,168
EPHB2,103,64,167
CDKN1A,137,24,161
LYN,43,117,160
ITGB1,126,33,159
RB1,64,93,157
PTK2,100,56,156
IL6,73,80,153
PLK1,29,124,153
IGF1R,38,115,153
ERBB2,77,73,150
CREB1,74,75,149
PPP2CA,27,120,147
GNAI1,129,17,146
CASP3,59,86,145
HNF1A,7,137,144
HRAS,51,92,143
CSNK1E,19,123,142
FOXO3,44,97,141
SP1,44,96,140
GNAI3,124,13,137
JAK2,80,56,136
JUN,90,46,136
PPARG,83,52,135
PTEN,52,81,133
RAF1,82,50,132
NR3C1,64,66,130
PTGS2,78,52,130
NGF,3,125,128
SMAD3,91,37,128
PRKAA1,17,111,128
VEGFA,66,62,128
IFNG,23,104,127
TP63,19,106,125
HIF1A,79,46,125
LCK,28,96,124
NOTCH1,73,51,124
PRKAB1,21,103,124
E2F1,53,70,123
PAK1,49,74,123
GNAQ,96,24,120
CAMK2A,16,104,120
CREBBP,36,83,119
CDK5,12,106,118
MAPK10,17,101,118
PRKACB,5,112,117
CDC42,81,35,116
BCL2,92,23,115
INS,28,87,115
RNF19A,45,69,114
FGF2,30,84,114
AKT2,34,78,112
RELA,82,28,110
NFE2L2,67,42,109
MDM2,72,36,108
STAT1,72,35,107
CDKN1B,97,10,107
PTPN11,40,67,107
ADRB2,76,30,106
IKBKB,57,48,105
AURKA,28,75,103
PRKG1,7,96,103
MTOR,39,63,102
GNAS,78,24,102
CSNK1A1,4,97,101
CSK,39,60,99
MAP2K1,56,42,98
RPS6KB1,49,48,97
NKX2-1,7,90,97
HNF4A,32,64,96
MET,43,53,96
IRS1,72,24,96
PPP2CB,8,88,96
STAT5A,66,29,95
JAK1,55,39,94
ATR,15,79,94
CASP8,60,34,94
GNAO1,90,3,93
SYK,36,57,93
IGF1,28,65,93
IRF5,12,80,92
PLCG1,69,23,92
CCND1,73,19,92
ITGAV,54,37,91
CXCL8,63,28,91
RPS6KA1,26,65,91
PTPN6,31,60,91
PRKCZ,12,79,91
NFKBIA,77,12,89
MYOD1,72,17,89
SMAD2,71,17,88
SGK1,22,66,88
MAP2K6,22,65,87
GSK3A,27,59,86
FGFR1,54,32,86
CDH1,62,24,86
SHC1,62,24,86
IRF7,12,73,85
PRKD1,28,56,84
RARA,31,52,83
FAS,46,37,83
GNA14,83,0,83
BRCA1,52,31,83
H3-3B,82,0,82
BAD,73,8,81
CXCL12,14,67,81
PDGFRB,37,44,81
MEOX2,3,77,80
AURKB,17,62,79
IL18,20,59,79
CSNK1D,5,74,79
GNAZ,77,2,79
SIRT1,28,50,78
MEF2C,60,18,78
PPP1CA,13,65,78
PTPN1,23,55,78
KDR,44,34,78
F2,20,57,77
MAPKAPK2,11,66,77
CBL,43,33,76
APP,36,40,76
PRKCE,18,58,76
CHUK,34,42,76
IL4,29,46,75
MAPT,72,3,75
PDPK1,27,47,74
SMAD4,57,17,74
CHEK1,21,52,73
FN1,30,42,72
RXRA,48,24,72
SPI1,15,56,71
HGF,18,53,71
ITGB3,61,10,71
ROCK1,23,48,71
CEBPA,41,30,71
CEBPB,40,31,71
IL10,26,44,70
EGR1,22,47,69
NANOG,20,49,69
TGFBR1,32,36,68
GNAI2,20,48,68
HCK,16,52,68
NRG1,8,60,68
MAP3K5,50,18,68
MAP3K7,34,33,67
GRK2,21,46,67
BCL2L1,51,15,66
TRAF6,33,33,66
PLAU,33,33,66
PPARGC1A,30,36,66
PIK3R1,55,11,66
CXCR4,43,22,65
FOS,55,10,65
TLR4,36,28,64
BAX,54,10,64
PIK3CA,40,24,64
PXN,44,19,63
CAPN1,22,41,63
GRB2,33,30,63
PPARA,31,32,63
PTK2B,34,29,63
GNAL,60,2,62
ADRA2A,53,9,62
GRM7,57,4,61
LRP6,58,3,61
PRKAA2,12,49,61
NRF1,12,49,61
CD40,25,36,61
STK4,27,33,60
MTNR1A,52,8,60
HSPA1B,32,28,60
YAP1,34,26,60
CDKN2A,40,20,60
DAPK1,29,30,59
CHEK2,21,38,59
PARP1,31,28,59
MMP2,42,17,59
RET,25,34,59
CD44,48,10,58
MEF2A,38,20,58
CAV1,30,27,57
NFKB1,44,13,57
ITGB2,50,7,57
ITGA5,37,20,57
LRP1,54,2,56
TWIST1,17,39,56
RUNX2,35,20,55
BRAF,32,23,55
BCAR1,34,21,55
HDAC1,23,32,55
FLT3,12,43,55
KIT,35,20,55
IL2,18,36,54
NCOA1,16,38,54
AKT3,28,26,54
MAP3K1,29,25,54
PIM1,10,44,54
ETS1,31,23,54
TFEB,6,47,53
STK11,21,32,53
ERBB3,36,16,52
CASP9,46,6,52
HBA2,38,14,52
CDK4,23,29,52
SMAD7,27,25,52
F2R,19,33,52
PPP1CC,8,43,51
KRAS,20,31,51
CSF2,24,27,51
VAV1,28,23,51
CAMK2G,12,39,51
TBK1,24,27,51
FGFR2,36,15,51
TRIM28,21,30,51
ICAM1,36,15,51
MMP9,33,17,50
BMP2,14,36,50
SRF,37,13,50
FOXM1,13,37,50
IL1A,13,36,49
SMO,19,30,49
HSP90AA1,23,26,49
TP73,38,11,49
SMAD1,38,11,49
FGFR4,30,19,49
NOX1,5,43,48
CDC25A,34,14,48
MAP2K2,29,19,48
ITGA2,39,9,48
SLBP,5,42,47
TYK2,29,18,47
ULK1,18,29,47
TRAF2,29,18,47
ITGA6,26,21,47
F2RL1,15,31,46
GNB2,31,15,46
RIPK1,30,16,46
ATF4,12,34,46
CASP1,14,32,46
THBS1,14,32,46
GLI1,37,9,46
FOXO4,23,22,45
PRKCQ,11,34,45
JAK3,22,23,45
BID,35,10,45
ERBB4,26,19,45
VIM,41,4,45
IRF3,35,10,45
CAMK2B,4,41,45
CAMK2D,6,39,45
MAPK11,11,34,45
DDR1,36,9,45
ATF2,31,14,45
GNA12,40,5,45
TLR2,20,25,45
PPP1CB,8,36,44
WNT5A,11,33,44
CASP7,24,20,44
CCL2,26,18,44
STAT6,21,23,44
IL13,7,37,44
THRA,33,11,44
LRRK2,11,33,44
HIPK2,11,33,44
FGFR3,31,13,44
KAT2B,6,38,44
CST6,1,43,44
ITGB4,28,15,43
RUNX1,22,21,43
FLNA,24,19,43
HSF1,34,9,43
PRKCG,2,41,43
BCL2L11,33,9,42
GATA1,13,29,42
LRP2,40,2,42
CAMK4,17,25,42
NTRK1,21,21,42
DLG4,32,10,42
FADD,28,14,42
BECN1,34,8,42
IKBKE,17,25,42
TSC2,29,12,41
EDN1,14,27,41
AXIN1,27,14,41
DVL2,27,14,41
TGFBR2,24,17,41
HOXD3,1,40,41
GRAP2,15,26,41
CCL5,21,20,41
TP53BP1,37,4,41
SDC4,32,9,41
PDK1,13,28,41
WNT1,9,32,41
LEF1,25,16,41
TSHR,34,7,41
HSPB1,27,13,40
CD40LG,8,32,40
IL6ST,25,15,40
MAPK12,10,30,40
PTPRG,5,35,40
GNA13,32,8,40
TNFSF10,19,21,40
CTTN,33,7,40
RPS6KA5,9,31,40
AGTR1,8,32,40
SOCS3,14,26,40
MECP2,5,34,39
CRK,24,15,39
ELAVL1,13,26,39
NOS2,25,14,39
IKBKG,30,8,38
SNAI1,27,11,38
VCAM1,30,8,38
SREBF1,28,10,38
BTK,15,23,38
HDAC3,16,22,38
IFNA1,9,29,38
JUNB,27,11,38
PRKN,13,25,38
PTH1R,25,13,38
NCOR2,17,21,38
POU5F1,13,24,37
CDK6,18,19,37
C3,17,20,37
POMC,11,26,37
ADAM17,18,19,37
SPP1,21,16,37
ABCB1,37,0,37
NRP1,29,8,37
ZAP70,20,17,37
YY1,18,19,37
KAT5,15,21,36
PCNA,21,15,36
COL1A1,17,19,36
NR4A1,24,12,36
VWF,11,25,36
FOXA2,10,26,36
ERG,15,21,36
MAP2K4,24,12,36
CSNK2B,6,30,36
DYRK1A,7,29,36
NRAS,22,14,36
ITCH,14,22,36
CDC25C,32,4,36
CAMK1,11,25,36
S1PR1,9,27,36
ENG,31,4,35
EPHA2,22,13,35
MAP3K14,20,15,35
H2AX,30,5,35
ITGAM,33,2,35
NFIA,4,31,35
PSEN1,28,7,35
RPS6KA2,9,26,35
FLT1,20,15,35
MMP13,26,9,35
PPP3CA,7,28,35
ROCK2,9,26,35
DUSP1,19,16,35
EDNRA,6,29,35
MEF2D,26,8,34
ADRB3,30,4,34
PGR,29,5,34
IGFBP3,21,13,34
EIF2AK2,22,12,34
MAP3K3,14,20,34
SNAI2,21,13,34
ADAM10,8,26,34
CDK7,9,25,34
FLI1,14,20,34
BMPR1A,24,10,34
ITGA3,30,4,34
HES1,21,13,34
FGF1,7,26,33
NR0B2,8,25,33
FGR,11,22,33
PLAUR,25,8,33
FBXW7,13,20,33
EIF4EBP1,30,3,33
STAT5B,32,1,33
LRP5,31,2,33
PTPN12,14,19,33
SERPINE1,23,10,33
COL1A2,15,18,33
IRAK1,16,17,33
BMPR1B,26,7,33
HNF1B,4,29,33
SUMO1,2,31,33
MYOG,26,7,33
SOCS1,19,14,33
CTNND1,24,9,33
SDC1,33,0,33
EZH2,18,14,32
MARK2,14,18,32
AXL,14,18,32
IFNAR1,26,6,32
APEX1,14,18,32
SOX9,13,19,32
EPHA4,17,15,32
MYB,24,8,32
ACVR2B,23,9,32
SKP2,14,18,32
MAPK7,11,21,32
BCL6,18,14,32
NFATC2,22,10,32
ABL2,9,23,32
YES1,13,19,32
IRF1,14,18,32
HDAC4,22,10,32
DYSF,3,29,32
SHH,16,16,32
TNFRSF1A,18,14,32
PIK3CG,23,8,31
L1CAM,13,18,31
VDR,17,14,31
MCL1,25,6,31
ITGA4,25,6,31
BHLHE40,15,16,31
BIRC5,23,8,31
MYLK,25,6,31
PRKG2,0,31,31
FZD3,22,9,31
GLI2,22,9,31
PPM1A,2,29,31
RXRB,17,14,31
PLAG1,3,28,31
PTPRF,13,18,31
ITGA1,28,3,31
PRKCI,7,24,31
FOXL2,7,24,31
MUC1,19,12,31
CDC25B,27,4,31
IFNB1,8,23,31
DDIT3,16,15,31
CXCL1,14,17,31
ILK,12,19,31
ATF1,22,9,31
NFATC1,23,8,31
NOTCH2,23,8,31
PTPN2,7,24,31
SALL4,2,29,31
CCN2,14,17,31
MAP2K7,19,11,30
GDNF,3,27,30
ARRB1,8,22,30
GATA6,9,21,30
VAV2,21,9,30
MYCN,15,15,30
ITGB5,25,5,30
DNMT1,19,11,30
BMPR2,25,5,30
PPP3CB,3,27,30
HBB,23,7,30
XIAP,21,9,30
GNA15,28,2,30
EDNRB,8,21,29
NCAM1,19,10,29
KRT8,27,2,29
ZBTB16,10,19,29
WWTR1,12,17,29
TERT,27,2,29
SREBF2,17,12,29
RIPK2,15,14,29
CRKL,18,11,29
CYCS,27,2,29
PPP3CC,4,25,29
CCNB1,23,6,29
EZR,22,7,29
TCF3,22,7,29
EPAS1,12,17,29
CRP,15,14,29
WNT3A,6,23,29
CFTR,28,1,29
SOS1,18,11,29
CDK9,15,14,29
IL17A,7,22,29
PTPRJ,7,22,29
PAK4,8,21,29
LDLR,24,5,29
EEF2K,27,2,29
RBPJ,19,10,29
PTPRC,11,18,29
ESR2,12,17,29
VTN,12,17,29
GATA2,20,9,29
SYN1,26,3,29
CFL1,21,7,28
MIF,9,19,28
SNCA,24,4,28
HNRNPK,11,17,28
MMP1,16,12,28
MMP14,13,15,28
CXCL10,12,16,28
BAK1,20,8,28
NCOA3,21,7,28
H3-4,27,1,28
FUS,9,19,28
NTRK2,15,13,28
NF1,8,20,28
GPR84,24,4,28
STMN1,27,1,28
NPPA,11,17,28
CCL11,18,10,28
MITF,16,12,28
PLCB1,24,4,28
PDGFRA,15,13,28
BIRC2,14,14,28
CCR5,23,5,28
ANXA1,15,13,28
PML,17,11,28
BDNF,11,17,28
SDC2,27,1,28
BTRC,7,21,28
NOTCH4,18,10,28
GADD45A,19,9,28
WEE1,23,5,28
NKX2-5,7,21,28
APOE,12,16,28
GRK5,5,22,27
GATA3,16,11,27
PIAS1,9,18,27
ELANE,9,18,27
CIITA,13,14,27
TGFA,13,14,27
PKN1,6,21,27
ALK,8,19,27
VIPR1,27,0,27
NPM1,21,6,27
DAPK3,7,20,27
NR2F2,13,14,27
CD28,10,17,27
APC,17,10,27
LPL,19,8,27
PPM1D,8,19,27
BMP4,12,15,27
EFNB1,11,16,27
IFNAR2,24,3,27
SELE,21,6,27
CBLB,9,18,27
EPOR,22,5,27
OSM,3,24,27
PTPRS,13,14,27
MAP4K1,18,9,27
JAG1,21,6,27
GLI3,20,6,26
ADCYAP1R1,26,0,26
VCAN,9,17,26
OPRM1,17,9,26
MAPK13,7,19,26
PTK6,8,18,26
RPS6KB2,15,11,26
H3C13,24,2,26
NOD2,8,18,26
CCNE1,23,3,26
MAP3K11,17,9,26
NOTCH3,20,6,26
BLVRA,4,22,26
DPP4,26,0,26
APOB,11,15,26
CASP6,14,12,26
PIN1,11,15,26
ARRB2,8,18,26
PINK1,8,18,26
ZBTB17,6,20,26
CD36,26,0,26
ACVR1,19,7,26
GNRHR,7,19,26
ETS2,17,9,26
HBP1,5,21,26
SMURF1,6,20,26
CSF1R,12,14,26
NEDD9,16,10,26
GH1,6,20,26
CCR2,19,6,25
PPP2R5C,7,18,25
ACVR2A,22,3,25
ACVR1B,17,8,25
LATS2,13,12,25
B2M,3,22,25
CCND3,19,6,25
RUNX3,5,20,25
HMGB1,3,22,25
CASP2,16,9,25
CCL3,16,9,25
ACKR1,24,1,25
NEDD4L,10,15,25
POLR2A,25,0,25
STUB1,6,19,25
MAVS,13,12,25
FOXA1,7,18,25
MAP3K8,9,16,25
CALR,10,15,25
PLG,8,17,25
DCC,17,8,25
PTPRA,13,12,25
ITK,8,17,25
THRB,18,7,25
RAMP2,25,0,25
KLF4,14,11,25
TTK,8,17,25
TEK,12,13,25
KMT2A,7,18,25
FLT4,13,12,25
BRD2,8,17,25
IL1R1,12,13,25
S100A6,15,9,24
RAMP3,24,0,24
POU2F1,14,10,24
ACTB,18,6,24
PAX6,13,11,24
GPR20,24,0,24
SP3,7,17,24
TRPC1,17,7,24
PDGFB,5,19,24
IRS2,21,3,24
NCF1,20,4,24
HDAC5,20,4,24
TLR3,8,16,24
CD47,15,9,24
BIRC3,13,11,24
ID1,10,14,24
HOXA5,3,21,24
ENO1,6,18,24
HNRNPA1,13,11,24
ALOX5,20,4,24
GJA1,22,2,24
ARNT,13,11,24
CALCA,5,19,24
EIF2S1,20,4,24
SQSTM1,18,6,24
KDM1A,12,12,24
LIPE,22,1,23
GRIN2B,23,0,23
CARM1,4,19,23
PKM,17,6,23
RPTOR,22,1,23
TRAF3,19,4,23
RBL2,17,6,23
TJP1,9,14,23
PTN,2,21,23
KDM6A,3,20,23
POLD1,16,7,23
BCR,14,9,23
MYD88,15,8,23
EPHB1,8,15,23
CTSL,17,6,23
CD274,19,4,23
PPP1R1B,20,3,23
NOS1,17,6,23
LATS1,14,9,23
CDX2,11,12,23
UBE3A,4,19,23
LEPR,7,16,23
DYRK2,4,19,23
RIN1,15,8,23
EFNB2,7,16,23
DAB2,9,14,23
CD33,18,5,23
DAB2IP,6,17,23
ARNTL,16,7,23
DRD2,13,10,23
WT1,12,11,23
TWIST2,1,22,23
LILRB2,15,8,23
MAP2K3,17,6,23
FGA,10,13,23
TAL1,15,8,23
PPP1R14A,20,3,23
CLIP1,21,2,23
TNFRSF11B,18,5,23
ADRB1,14,9,23
KLK3,19,4,23
DDX58,16,7,23
BMP7,4,19,23
PPARD,10,12,22
STAT2,18,4,22
RYR1,20,2,22
HMGA1,15,7,22
CDH5,20,2,22
BDKRB2,13,9,22
ACP1,3,19,22
ZNF175,1,21,22
LEP,3,19,22
BBC3,15,7,22
H4C6,16,6,22
VASP,17,5,22
PTPN7,17,5,22
HBEGF,11,11,22
MDM4,16,6,22
SMAD5,14,8,22
IL6R,10,12,22
HDAC2,11,11,22
CRH,5,17,22
SOD1,12,10,22
PPP3R1,5,17,22
PIK3R2,21,1,22
GNA11,15,7,22
GAB2,17,5,22
VIP,1,21,22
CNTN1,12,10,22
RAP1A,17,5,22
ROS1,12,10,22
RORA,6,16,22
CCR3,19,3,22
GRIN2A,20,2,22
SMAD6,7,15,22
CAMKK2,11,11,22
NEDD4,11,11,22
DAXX,14,8,22
SFTPA1,2,20,22
TIMP3,10,12,22
RASSF1,12,10,22
ADM,6,16,22
ADORA2A,6,16,22
AFDN,8,13,21
NR4A2,15,6,21
CD81,14,7,21
CGA,9,12,21
RIMS1,11,10,21
MAPKAPK5,11,10,21
MAG,21,0,21
TFE3,0,21,21
DZIP3,1,20,21
LGALS3,13,8,21
APOA1,11,10,21
NUMA1,6,15,21
TNNI3,21,0,21
F3,18,3,21
INHBA,4,17,21
NCOR1,11,10,21
CD14,9,12,21
SIRPA,16,5,21
ITGA2B,18,3,21
HMOX1,13,8,21
PSEN2,20,1,21
CFLAR,15,6,21
TRPV4,17,4,21
PRL,7,14,21
FZD8,16,5,21
NFIX,3,18,21
NPY,4,17,21
DIABLO,15,6,21
GRB10,15,6,21
GRAP,17,4,21
ARHGEF2,18,3,21
DOK1,11,10,21
NR5A1,16,5,21
HTR1A,13,8,21
CSF3,10,11,21
BMX,12,9,21
GCG,4,17,21
USF1,8,13,21
HLA-DRA,6,15,21
EPHA3,12,9,21
TH,21,0,21
YWHAQ,10,11,21
RPA2,17,4,21
FZD5,14,7,21
FZD1,15,6,21
MAX,13,8,21
LIMK1,14,7,21
COPS5,5,16,21
CTSS,19,2,21
GYS1,21,0,21
SIGLEC10,20,0,20
PTPRD,10,10,20
RPS6KA4,11,9,20
TGFB2,2,18,20
DUSP3,4,16,20
RAC2,12,8,20
TCF4,13,7,20
FZR1,10,10,20
HRH1,6,14,20
ETV1,16,4,20
SMARCA4,7,13,20
IGF2,10,10,20
YBX1,9,11,20
CTBP1,10,10,20
RAD51,17,3,20
HLA-A,9,11,20
PTHLH,7,13,20
BCL3,14,6,20
PECAM1,19,1,20
ACKR2,20,0,20
CD93,20,0,20
KRT18,18,2,20
TIAM1,14,6,20
MAP1LC3B,17,3,20
PRKCH,2,18,20
MMP3,9,11,20
HDAC7,15,5,20
GFAP,18,2,20
EFNA1,5,15,20
CCNA2,17,3,20
BLM,16,4,20
AREG,9,11,20
SIRT2,8,12,20
FASN,11,9,20
SELL,14,6,20
MARCKS,15,5,20
F12,13,7,20
IL16,7,13,20
LIFR,13,7,20
IL12A,9,11,20
RARB,13,7,20
RHO,14,5,19
SLC9A1,15,4,19
PLAT,15,4,19
NCOA2,8,11,19
TRPC3,18,1,19
NCL,13,6,19
PRKD2,9,10,19
SMURF2,6,13,19
SOX6,5,14,19
NFKB2,18,1,19
PKD2,13,6,19
KLF9,7,12,19
PAX3,8,11,19
NFIB,4,15,19
PTTG1,14,5,19
MAP3K2,3,16,19
TFAP2A,10,9,19
ITPR1,18,1,19
ARHGEF7,10,9,19
ITGA9,17,2,19
TXN,9,10,19
OCLN,15,4,19
CXCL9,2,17,19
CXCR3,18,1,19
COP1,7,12,19
EIF4E,15,4,19
SCN2A,19,0,19
MSN,18,1,19
BRCA2,15,4,19
MYF5,18,1,19
CAPN2,7,12,19
CSF1,7,12,19
TOPBP1,12,7,19
MDK,2,17,19
CXCL11,5,14,19
CTCF,7,12,19
PAK5,8,11,19
DVL3,13,6,19
MAP1B,18,1,19
NEK6,2,17,19
RBL1,15,4,19
DNM1,17,2,19
RNF8,3,16,19
GHR,11,8,19
IL4R,7,12,19
ADD1,19,0,19
NFATC3,13,6,19
TEC,7,12,19
PLA2G4A,18,1,19
YWHAH,7,12,19
NEUROD1,16,3,19
TJP2,9,10,19
CDC20,13,6,19
NGFR,15,4,19
FCGR2A,11,7,18
COL2A1,7,11,18
NLK,4,14,18
DDR2,15,3,18
ARHGAP32,10,8,18
CREM,15,3,18
FGF14,5,13,18
GCH1,18,0,18
EIF2AK3,10,8,18
PLEC,18,0,18
PLD2,15,3,18
GIT1,10,8,18
HSP90AB1,11,7,18
FANCD2,13,5,18
TNK2,8,10,18
SPTBN1,18,0,18
DCN,6,12,18
LPAR2,2,16,18
TNFSF13B,4,14,18
PITX2,5,13,18
UBE2N,5,13,18
ITGAL,13,5,18
RTN4,10,8,18
HOXA10,12,6,18
RASA1,14,4,18
HSD11B1,16,2,18
IFNGR1,12,6,18
PER2,13,5,18
PAWR,9,9,18
PBK,8,10,18
MMRN1,18,0,18
POR,2,16,18
CCND2,14,4,18
PTAFR,2,16,18
RAB3A,18,0,18
PTPN13,1,17,18
LCP2,16,2,18
DLGAP1,13,5,18
CUX1,6,12,18
TLX1,3,15,18
TFRC,18,0,18
CXCR2,17,1,18
DNMT3A,7,11,18
DLK1,12,6,18
NFATC4,15,3,18
ACACA,18,0,18
GRK6,2,16,18
VCP,12,6,18
MAPK6,12,6,18
KNG1,1,17,18
YWHAZ,15,3,18
PIM2,3,15,18
APAF1,17,1,18
RACK1,5,13,18
NRP2,14,4,18
E2F4,7,11,18
HTRA2,13,5,18
CCL7,10,8,18
ANXA2,10,7,17
COL4A3,4,13,17
TIMP2,13,4,17
KAT2A,3,14,17
MYL9,15,2,17
IQGAP1,12,5,17
FOSL1,17,0,17
NR1H2,11,6,17
XBP1,14,3,17
FRS2,11,6,17
THBS2,3,14,17
PPM1B,3,14,17
PER1,14,3,17
GPC1,12,5,17
MRE11,14,3,17
JUND,13,4,17
PRMT1,0,17,17
PRLR,11,6,17
SLC2A4,17,0,17
PPP1R12A,17,0,17
FBN1,7,10,17
PMAIP1,11,6,17
ROR2,10,7,17
PBX1,6,11,17
OPRD1,12,5,17
NOLC1,10,7,17
PKD1,8,9,17
RLN3,0,17,17
S100A4,8,9,17
MAML1,3,14,17
CCR1,16,1,17
TOP2A,17,0,17
NME1,6,11,17
LMNA,14,3,17
TNC,4,13,17
IRAK4,8,9,17
KITLG,3,14,17
SCN5A,17,0,17
DLG1,9,8,17
CEACAM1,12,5,17
TSC1,13,4,17
PAK3,5,12,17
ATF3,10,7,17
ATF6,8,9,17
CTSB,9,8,17
FGF8,9,8,17
DAG1,9,8,17
CEBPD,9,8,17
CACNA1C,17,0,17
ACVRL1,10,7,17
DNM1L,17,0,17
EIF4B,16,1,17
CRTC2,9,8,17
CSNK1G2,0,17,17
ID2,12,5,17
PDX1,13,4,17
CTSD,14,3,17
PDGFA,6,11,17
WNK1,8,9,17
CX3CL1,9,8,17
PEA15,11,6,17
ARHGAP35,14,3,17
ANK2,12,5,17
ABCA1,16,1,17
IFI16,12,5,17
FZD2,11,6,17
RXRG,9,8,17
FZD4,13,4,17
AVP,0,17,17
PPP1R1A,16,1,17
RHEB,8,8,16
VAV3,10,6,16
CUL3,7,9,16
TRADD,10,6,16
STXBP1,14,2,16
FASLG,11,5,16
F11R,12,4,16
PPP4C,1,15,16
CALD1,16,0,16
NR1D1,11,5,16
CDC14A,2,14,16
S100A9,6,10,16
TCF7L2,16,0,16
NR4A3,9,7,16
TSHB,5,11,16
EFNA5,4,12,16
CYP19A1,15,1,16
PAX8,7,9,16
CD4,11,5,16
NUMB,10,6,16
GP6,14,2,16
SCN8A,16,0,16
PF4,4,12,16
HNRNPU,5,11,16
LAMA1,0,16,16
DES,16,0,16
FZD7,13,3,16
PTPRZ1,8,8,16
H2AC13,12,4,16
ARHGEF6,9,7,16
IL2RA,14,2,16
GAPDH,12,4,16
BLNK,9,7,16
PTPRO,4,12,16
ADORA2B,4,12,16
CARD11,11,5,16
H2AZ1,16,0,16
EGR2,10,6,16
TRPV1,15,1,16
SIGLEC7,8,8,16
GRM5,15,1,16
NRIP1,7,9,16
IL3,2,14,16
SDC3,15,1,16
SRRM2,16,0,16
KEAP1,10,6,16
TICAM1,11,5,16
AGER,12,4,16
NR2F1,9,7,16
HLA-B,5,11,16
PTCH1,10,6,16
C5AR1,10,6,16
EPO,2,14,16
MAP4K4,8,8,16
ITGB6,12,4,16
ITGB8,12,4,16
PEBP1,7,9,16
COL3A1,8,8,16
POU2F2,2,14,16
DCX,16,0,16
FER,5,11,16
CDKN2B,15,1,16
FURIN,3,13,16
MTA1,5,11,16
ITGB7,13,3,16
LIF,8,8,16
ID3,12,4,16
HLA-DRB1,3,13,16
A2M,6,10,16
SOX2,10,6,16
RCAN1,15,1,16
VHL,4,12,16
BMI1,11,5,16
TIMP1,14,2,16
FSHB,5,11,16
STK38,7,9,16
NCK1,12,4,16
SIGLEC8,9,7,16
PRKAR2A,13,3,16
ZMYND8,7,9,16
CD19,11,5,16
SGK3,2,14,16
SOCS2,5,11,16
SST,4,12,16
WNT7A,1,15,16
CREB5,1,15,16
CD80,11,4,15
PPP5C,3,12,15
ASCL1,12,3,15
NEK2,3,12,15
DAB1,14,1,15
MKNK1,9,6,15
ACTN1,11,4,15
SPOP,1,14,15
TLN1,5,10,15
NR1I2,8,7,15
ERBIN,9,6,15
OGT,7,8,15
TNFRSF1B,9,6,15
TSC22D3,5,10,15
PLCG2,14,1,15
P2RY6,0,15,15
IRF9,6,9,15
PVR,10,5,15
PIAS4,3,12,15
TNFRSF17,3,12,15
AIFM1,13,2,15
TRAF1,14,1,15
NTRK3,6,9,15
RBBP8,10,5,15
CD9,10,5,15
NOXA1,12,3,15
CDH2,12,3,15
IAPP,3,12,15
EHMT2,2,13,15
TRPV6,14,1,15
TRPV5,12,3,15
SLC9A3R1,5,10,15
MEN1,2,13,15
SCN4A,15,0,15
IL2RB,9,6,15
SIGLEC9,4,11,15
PTGER2,2,13,15
DSCAM,8,7,15
IL2RG,10,5,15
GRB7,11,4,15
MAF,8,7,15
STAT4,12,3,15
PHKA1,11,4,15
HDAC6,9,6,15
PKNOX1,3,12,15
FGFRL1,12,3,15
FHIT,2,13,15
ARF1,8,7,15
PCK1,14,1,15
CDT1,13,2,15
CTNND2,10,5,15
PAX5,7,8,15
NR2C2,8,7,15
KIR3DL1,14,1,15
PTH,1,14,15
GAP43,15,0,15
PLCB3,14,1,15
MST1R,9,6,15
NRXN1,13,2,15
BTG2,7,8,15
PLK3,1,14,15
GFI1,8,7,15
ITGA7,12,3,15
ARHGEF12,9,6,15
FST,5,10,15
KLRK1,10,5,15
BACH1,4,11,15
PIK3C3,9,6,15
PIK3CB,13,2,15
GATA4,14,1,15
RNF7,5,10,15
KLF1,10,5,15
ADCYAP1,2,13,15
MECOM,6,9,15
CXCL2,6,9,15
OXT,11,4,15
DPYSL2,13,2,15
WASL,14,1,15
MYOCD,6,9,15
GRK3,1,14,15
NR0B1,4,11,15
DKK1,7,8,15
ANGPT1,6,9,15
MC4R,7,8,15
HSPA8,9,6,15
RIPK3,7,8,15
NFKBIB,11,4,15
FUBP1,6,9,15
WNT4,4,11,15
HIC1,4,11,15
CDC42BPA,3,12,15
USP7,2,12,14
FES,6,8,14
COL4A1,5,9,14
CHFR,3,11,14
RARG,10,4,14
ZEB1,11,3,14
MEIS1,11,3,14
DUSP6,7,7,14
LTF,3,11,14
SSTR2,6,8,14
YWHAB,11,3,14
NDRG1,11,3,14
MYBL2,11,3,14
IL15,3,11,14
IL12B,6,8,14
HSP90B1,5,9,14
MDC1,8,6,14
LHB,3,11,14
SCN10A,14,0,14
TNFAIP3,5,9,14
GLO1,14,0,14
DLL1,10,4,14
CTLA4,9,5,14
LGMN,14,0,14
SUFU,8,6,14
CCL13,3,11,14
FGF7,2,12,14
TDG,6,8,14
ATP2A2,13,1,14
ADORA1,7,7,14
ATG5,13,1,14
SIK1,3,11,14
NTF4,0,14,14
NECTIN3,8,6,14
GGCX,1,13,14
LASP1,12,2,14
DLGAP2,10,4,14
CD79A,13,1,14
EIF2S2,13,1,14
GHRH,0,14,14
ESRRA,7,7,14
FGG,3,11,14
IL7,0,14,14
CTSF,14,0,14
COL18A1,4,10,14
MERTK,6,8,14
IL10RB,9,5,14
SET,11,3,14
SOX10,1,13,14
ERN1,7,7,14
TAP1,10,4,14
VEGFC,5,9,14
CDK13,11,3,14
GAD1,13,1,14
CRYAB,14,0,14
S100A8,2,12,14
FHL2,4,10,14
F7,10,4,14
BDKRB1,1,13,14
GRN,2,12,14
PDHA1,14,0,14
FGF13,0,14,14
RPS6,14,0,14
TPX2,9,5,14
TACR1,5,9,14
TBP,10,4,14
KDM4C,4,10,14
GPC3,1,13,14
HRH2,5,9,14
IER3,12,2,14
MC1R,10,4,14
AKT1S1,10,4,14
BHLHE41,4,10,14
UBTF,14,0,14
WRN,10,4,14
GNRH1,6,8,14
CCL4,7,7,14
IL1RL1,7,7,14
TOP1,11,3,14
NDEL1,13,1,14
CENPE,11,3,14
NR1H3,9,5,14
CDC14B,0,14,14
CANX,14,0,14
SIX1,0,14,14
HSPA5,11,3,14
CDK8,2,12,14
CD247,10,4,14
CAMKK1,5,9,14
CUL1,5,9,14
HTR2C,6,8,14
ARAF,7,7,14
MELK,2,12,14
ZFP36,12,2,14
MUSK,9,5,14
LILRB1,10,4,14
ACLY,14,0,14
HLA-C,4,10,14
IL1RAPL1,8,6,14
RNF168,10,3,13
F2RL3,3,10,13
EPHA5,8,5,13
GDF15,10,3,13
CAD,12,1,13
TPH1,2,11,13
GDF5,3,10,13
NBN,12,1,13
HHEX,2,11,13
EPHA7,11,2,13
PARD3,8,5,13
RYR2,13,0,13
VEGFD,3,10,13
DBP,6,7,13
NRXN3,9,4,13
PTPN5,4,9,13
CLDN7,13,0,13
CAT,9,4,13
DLX5,8,5,13
STK39,6,7,13
TERF1,13,0,13
JUP,13,0,13
IFIH1,8,5,13
SIAH1,7,6,13
SHANK2,8,5,13
UNC13B,12,1,13
RASGRP3,10,3,13
KLF6,4,9,13
PTPRB,3,10,13
TERF2,9,4,13
IGF2R,11,2,13
INCENP,10,3,13
FBXW11,0,13,13
HTR6,5,8,13
KDM5B,6,7,13
ADCY1,12,1,13
HSPD1,6,7,13
NFIL3,9,4,13
PAG1,10,3,13
G6PC,13,0,13
PROC,3,10,13
RELB,9,4,13
HK2,13,0,13
CCKBR,5,8,13
TBXA2R,9,4,13
RHOB,7,6,13
TDGF1,2,11,13
RPA1,9,4,13
RANBP2,8,5,13
TAB1,8,5,13
EFNA2,3,10,13
SATB1,3,10,13
SHANK1,7,6,13
BCAR3,4,9,13
ADM2,0,13,13
MST1,6,7,13
MSTN,8,5,13
CLSPN,10,3,13
GNB1,6,7,13
BGLAP,13,0,13
FGF12,0,13,13
SCN9A,13,0,13
SIK2,4,9,13
DDX5,7,6,13
NKX3-1,9,4,13
RLN2,0,13,13
NFAT5,8,5,13
PLK2,3,10,13
SUZ12,2,11,13
PICK1,4,9,13
BNIP3,9,4,13
MMP7,2,11,13
KHDRBS1,10,3,13
PRKD3,1,12,13
SORT1,9,4,13
SMARCE1,1,12,13
CALCB,0,13,13
FGF11,0,13,13
NAB2,7,6,13
SMARCB1,2,11,13
PTGER4,3,10,13
BUB1,5,8,13
NR3C2,10,3,13
DNM2,10,3,13
F10,4,9,13
ACVR1C,8,5,13
FOXP2,2,11,13
ATG16L1,11,2,13
TNFRSF10A,8,5,13
U2AF1,0,13,13
NFYA,7,6,13
NRXN2,9,4,13
PTPRE,5,7,12
TACR3,4,8,12
ADCY5,11,1,12
CLDN1,11,1,12
HLA-F,8,4,12
NEFH,12,0,12
NRCAM,8,4,12
ING1,3,9,12
TNFSF13,2,10,12
XRCC6,7,5,12
ETV6,6,6,12
ANK3,7,5,12
TESK1,6,6,12
SIN3A,10,2,12
CASK,4,8,12
SIAH2,6,6,12
HMGN1,8,4,12
RAD23B,5,7,12
RB1CC1,3,9,12
SCT,0,12,12
HAPLN1,6,6,12
NR1H4,10,2,12
CRHR1,8,4,12
PLXNA2,11,1,12
GRIA1,12,0,12
MAD1L1,12,0,12
E2F3,5,7,12
TLR9,7,5,12
SPRY4,5,7,12
SKI,5,7,12
CCN1,1,11,12
EPHB3,8,4,12
PRMT5,4,8,12
AHNAK,12,0,12
TGFB3,1,11,12
CADM1,7,5,12
IL10RA,6,6,12
MC3R,3,9,12
PKN2,9,3,12
PROS1,9,3,12
LPAR3,2,10,12
DLL4,6,6,12
PCSK9,4,8,12
LAMB1,2,10,12
FPR1,7,5,12
LRIG1,3,9,12
ELF3,9,3,12
E2F6,3,9,12
KCNH2,11,1,12
EFNA3,1,11,12
MCM2,12,0,12
CDK16,8,4,12
CDK5R1,10,2,12
CDC7,3,9,12
UBR5,7,5,12
NECTIN2,6,6,12
LRP8,12,0,12
ADD2,12,0,12
KDM5A,8,4,12
CD34,7,5,12
SFPQ,7,5,12
SERPINA1,6,6,12
PLOD1,1,11,12
SPAG9,7,5,12
SPARC,6,6,12
MRGPRX2,4,8,12
SNW1,8,4,12
SF1,9,3,12
GP1BA,10,2,12
GHSR,4,8,12
EIF2B5,9,3,12
CSF2RB,11,1,12
THBD,12,0,12
PLK4,2,10,12
ADAM15,7,5,12
POU4F1,2,10,12
MAD2L1,10,2,12
VLDLR,12,0,12
NR2F6,6,6,12
ADAM9,5,7,12
RNF4,3,9,12
SPN,5,7,12
TUBA1A,11,1,12
ERCC6,5,7,12
CYLD,6,6,12
ALB,9,3,12
PIP5K1C,9,3,12
BCL10,9,3,12
UHRF1,9,3,12
LYZ,11,1,12
FOXP3,8,4,12
BAG3,10,2,12
SGK2,3,9,12
DRD1,4,8,12
CD151,12,0,12
BAG1,6,6,12
INSL3,0,12,12
DAPK2,6,6,12
ADIPOQ,6,6,12
TFDP1,4,8,12
TIGIT,9,3,12
THY1,8,4,12
UNC5D,11,1,12
REST,7,5,12
TGM2,5,7,12
SFN,8,4,12
NEFL,12,0,12
MFGE8,1,11,12
TRIM25,3,9,12
REL,7,5,12
ATG7,4,8,12
KDM5C,7,5,12
BRD4,7,5,12
PCYT1A,12,0,12
CBX5,7,5,12
RAPGEF1,7,5,12
PTPN3,4,8,12
AHR,7,5,12
FCAR,6,6,12
SELP,11,1,12
CD86,9,3,12
H2BC11,12,0,12
ATN1,11,0,11
KCND2,11,0,11
MIB1,2,9,11
CTDP1,7,4,11
ACTA2,11,0,11
EREG,3,8,11
IRF8,7,4,11
PDCD1,7,4,11
PIAS3,2,9,11
PYCARD,8,3,11
PPM1G,1,10,11
PLCE1,8,3,11
RAP1GAP,9,2,11
SRRM1,11,0,11
PTH2,0,11,11
EIF4G1,10,1,11
FOXP1,1,10,11
RNF146,4,7,11
OPRK1,6,5,11
OPRL1,4,7,11
RAB5A,7,4,11
TNFRSF10B,8,3,11
CLU,6,5,11
SIRT5,1,10,11
TAB2,7,4,11
CADM3,6,5,11
CSF2RA,9,2,11
EIF4G2,5,6,11
BTC,1,10,11
BTF3,1,10,11
NR5A2,8,3,11
RAD9A,10,1,11
TNKS,3,8,11
PRPF4B,11,0,11
CSF3R,7,4,11
SRSF2,10,1,11
USF2,6,5,11
MAFA,5,6,11
UVRAG,6,5,11
NEO1,5,6,11
CD163,11,0,11
CD69,9,2,11
CDKN2D,9,2,11
KDM2B,5,6,11
CITED2,6,5,11
LAIR1,11,0,11
PCLO,11,0,11
ITSN1,7,4,11
DMTF1,1,10,11
ADAM12,6,5,11
FGB,1,10,11
PHKG1,6,5,11
PHLPP1,3,8,11
VDAC1,11,0,11
GP9,8,3,11
BSG,5,6,11
CBLC,8,3,11
PSIP1,4,7,11
WNT2,1,10,11
FZD6,10,1,11
NOD1,3,8,11
SORL1,10,1,11
PRKAR1A,8,3,11
SMARCC1,10,1,11
SH2B1,5,6,11
APOC3,5,6,11
GZMB,1,10,11
PLAGL1,5,6,11
OXTR,4,7,11
TRPC6,10,1,11
KDM4B,7,4,11
LRP4,10,1,11
WDR62,6,5,11
DAAM1,5,6,11
CD82,10,1,11
RYK,7,4,11
S100A1,4,7,11
IFT57,1,10,11
ADCY6,10,1,11
CFL2,10,1,11
PILRA,5,6,11
NCSTN,5,6,11
ABLIM1,11,0,11
LAMA2,2,9,11
CXCL5,5,6,11
VRK1,4,7,11
CCL8,3,8,11
CBX3,6,5,11
XPA,8,3,11
FEN1,11,0,11
AFP,11,0,11
DHX9,4,7,11
E2F2,2,9,11
TOP2B,6,5,11
SPRY2,6,5,11
ABI1,9,2,11
HTR4,1,10,11
WNK4,5,6,11
LTC4S,2,9,11
LPAR1,3,8,11
EEF2,11,0,11
PCK2,11,0,11
TREM2,9,2,11
S100B,4,7,11
S1PR3,1,10,11
ALPL,8,3,11
ACACB,11,0,11
CDK11A,7,4,11
CDK5RAP2,3,8,11
NFE2,6,5,11
RELN,6,5,11
HSPG2,2,9,11
TRIM27,1,10,11
ACKR4,11,0,11
AMPH,11,0,11
SPHK1,10,1,11
SPIB,9,2,11
ONECUT1,5,6,11
IGFBP1,11,0,11
COL5A2,4,7,11
SLIT2,1,10,11
NPS,0,11,11
BAIAP2,8,3,11
PLXNA1,8,3,11
GNB5,6,5,11
SYT1,6,5,11
TYRO3,5,6,11
SUV39H1,6,5,11
ANAPC1,9,2,11
CHRM1,3,8,11
CTSV,11,0,11
AMBRA1,7,4,11
TGFBR3,9,2,11
CAMP,2,9,11
MC5R,3,8,11
TFF1,9,2,11
PITX1,3,8,11
ICAM4,2,9,11
ARHGAP1,6,5,11
EPHA8,10,1,11
AHCYL1,8,3,11
MYH9,10,1,11
PPP1R15A,9,2,11
LILRA1,9,2,11
TJP3,1,9,10
VCL,6,4,10
GSN,5,5,10
PMCH,4,6,10
SLC2A1,10,0,10
CDC37,9,1,10
ACKR3,8,2,10
CHD8,0,10,10
CHD4,8,2,10
EPHB4,6,4,10
COMP,2,8,10
IRS4,6,4,10
MXRA5,0,10,10
MAP2K5,8,2,10
COL5A1,2,8,10
GSTP1,8,2,10
INSIG1,5,5,10
PA2G4,8,2,10
FANCL,8,2,10
COL4A4,1,9,10
EFNA4,0,10,10
GFRA1,6,4,10
GFPT1,8,2,10
KDM3A,4,6,10
HCLS1,10,0,10
NBR1,4,6,10
NUAK1,3,7,10
LMNB1,10,0,10
XRCC5,5,5,10
XRCC1,8,2,10
XPC,7,3,10
NR1I3,6,4,10
NMBR,0,10,10
SHANK3,5,5,10
STX1A,10,0,10
NECTIN1,5,5,10
PAX2,9,1,10
IGFBP4,7,3,10
KSR2,3,7,10
FBXO5,6,4,10
UTS2R,2,8,10
RALBP1,5,5,10
VPS72,10,0,10
UPF1,10,0,10
ACTR2,6,4,10
BTG1,5,5,10
CDC27,10,0,10
RAP1B,9,1,10
HCRTR1,2,8,10
CCL20,4,6,10
SMARCC2,10,0,10
STMN2,10,0,10
SCN1A,10,0,10
CXCR1,10,0,10
IL7R,6,4,10
G6PD,10,0,10
CHL1,5,5,10
IL24,1,9,10
MMP12,0,10,10
MME,5,5,10
RPS3,10,0,10
MAFG,6,4,10
MAFB,8,2,10
CRMP1,10,0,10
SMC3,6,4,10
FOSL2,8,2,10
KLF11,0,10,10
FGF4,3,7,10
NTN1,0,10,10
CLDN2,9,1,10
GAS6,7,3,10
MAPKAPK3,5,5,10
BMP6,0,10,10
PLXNB2,8,2,10
UNC5B,7,3,10
UNC5A,8,2,10
HMGCR,8,2,10
WNT7B,0,10,10
PIK3CD,9,1,10
RNF111,3,7,10
MED1,6,4,10
RAD21,6,4,10
WAS,10,0,10
NCK2,8,2,10
EEF1A1,9,1,10
CORT,0,10,10
EMSY,7,3,10
GPC6,6,4,10
ELK3,9,1,10
ELF4,7,3,10
ELF1,4,6,10
CCR7,7,3,10
CNTFR,6,4,10
PPP1R8,8,2,10
LPAR4,2,8,10
DOCK1,7,3,10
HSPB2,5,5,10
GEM,7,3,10
SCNN1A,9,1,10
PPP2R2A,4,6,10
CCR4,9,1,10
VIPR2,5,5,10
CISH,3,7,10
SPHK2,7,3,10
RECQL4,7,3,10
CALCR,10,0,10
LRRC4B,5,5,10
NF2,6,4,10
MAP3K20,3,7,10
IL20RA,6,4,10
PIDD1,3,7,10
SAA1,2,8,10
HLA-G,2,8,10
DUSP4,4,6,10
DLGAP4,6,4,10
PLN,9,1,10
PPP1R9B,5,5,10
CD79B,6,4,10
DDB2,7,3,10
LAG3,10,0,10
CHRM2,5,5,10
EWSR1,9,1,10
MAP4K3,3,7,10
FLCN,8,2,10
ADRA1A,1,9,10
CLOCK,2,8,10
TRIO,6,4,10
SOX4,7,3,10
LRPAP1,0,10,10
GPR37,5,5,10
CD300LB,3,7,10
MARK3,3,7,10
PRC1,7,3,10
PPBP,2,8,10
CACNA1B,10,0,10
SRPK1,6,4,10
SORBS1,6,4,10
NMUR2,2,8,10
AXIN2,7,3,10
SLC12A3,8,2,10
WNT11,2,8,10
TAP2,6,4,10
NODAL,1,9,10
NLGN2,4,6,10
KRT1,8,2,10
SIGLEC6,8,2,10
EFNB3,2,8,10
AGRN,2,8,10
CEACAM5,4,6,10
CDON,6,4,10
CDKN1C,10,0,10
BCL2A1,10,0,10
GABARAP,6,4,10
MAPK4,6,4,10
SERPINA3,8,2,10
PYY,0,10,10
RASGRF1,6,4,10
CD3G,8,2,10
CD3D,9,1,10
TUBA1B,9,1,10
FANCA,10,0,10
ADRA2B,2,8,10
GAL,4,6,10
S1PR2,1,9,10
JAG2,5,5,10
TNFRSF12A,6,4,10
USP9X,4,6,10
MKNK2,7,3,10
PRDX1,9,1,10
PRDM1,5,5,10
TEAD1,3,6,9
RAD18,7,2,9
PLXNB1,5,4,9
CGB5,8,1,9
SPTAN1,7,2,9
PARD6A,6,3,9
GPC4,2,7,9
DLC1,5,4,9
SRPK2,5,4,9
GRPR,0,9,9
SPEN,7,2,9
CIC,9,0,9
PFKFB3,9,0,9
IL1RAP,7,2,9
TIRAP,7,2,9
ADAM23,6,3,9
LBR,9,0,9
TNKS1BP1,9,0,9
UIMC1,7,2,9
WNT8A,2,7,9
KLF5,7,2,9
TF,2,7,9
SNAP25,9,0,9
JAM3,5,4,9
HJV,9,0,9
THRAP3,8,1,9
CD53,8,1,9
CD63,8,1,9
RETN,4,5,9
IL15RA,3,6,9
SH2B2,4,5,9
HTR7,1,8,9
ARHGDIA,7,2,9
KPNA2,4,5,9
SLPI,3,6,9
HSPB8,7,2,9
DNMT3B,2,7,9
BIK,8,1,9
PFKFB2,9,0,9
GRIN1,9,0,9
MPZ,4,5,9
RDX,8,1,9
NTM,5,4,9
ANK1,7,2,9
GABARAPL2,8,1,9
NEUROG3,2,7,9
CD74,4,5,9
GAD2,9,0,9
BCOR,1,8,9
SERPINC1,1,8,9
TARDBP,6,3,9
SRSF1,9,0,9
CD48,6,3,9
APOA4,6,3,9
CR2,7,2,9
IL23A,2,7,9
TNKS2,1,8,9
KLF10,6,3,9
KLF2,3,6,9
LPA,1,8,9
PPP1R2,8,1,9
CXCL13,1,8,9
BMP10,1,8,9
CDC6,9,0,9
ROBO3,4,5,9
KLF7,0,9,9
CNTF,1,8,9
BOC,7,2,9
ATG3,6,3,9
CCL16,0,9,9
CCL19,1,8,9
IHH,1,8,9
SEMA4D,3,6,9
BACE1,8,1,9
MPL,7,2,9
STOML2,1,8,9
LAMC1,1,8,9
LAMC2,2,7,9
CXCL3,3,6,9
SCN11A,9,0,9
PEX5,8,1,9
PTGER3,1,8,9
RIMS2,4,5,9
CD2,6,3,9
DUSP16,2,7,9
IL21,0,9,9
TNFSF14,0,9,9
SEMA5A,4,5,9
HTR1B,2,7,9
GJB1,9,0,9
TAPBP,5,4,9
PRNP,8,1,9
GRM1,4,5,9
GABBR1,7,2,9
GABPA,7,2,9
DRD3,2,7,9
WWP1,3,6,9
PENK,1,8,9
CCKAR,1,8,9
SDCBP,6,3,9
RBX1,2,7,9
DLGAP5,5,4,9
EPS15,8,1,9
KRT19,9,0,9
FFAR4,1,8,9
PHOX2B,2,7,9
P2RY1,1,8,9
FGF21,4,5,9
FGF3,4,5,9
BIRC6,4,5,9
BLK,4,5,9
BCL2L2,6,3,9
HLA-DQA1,2,7,9
RALA,6,3,9
PRKACG,1,8,9
LHX3,2,7,9
PTGIR,4,5,9
ATG4B,4,5,9
NFE2L1,4,5,9
LHCGR,9,0,9
GDF11,1,8,9
CHAT,9,0,9
DTX1,3,6,9
MYH10,9,0,9
NOG,0,9,9
C4A,3,6,9
KHSRP,6,3,9
WNT6,0,9,9
LY96,6,3,9
BRSK2,2,7,9
MUC5AC,9,0,9
FOXO6,6,3,9
STIM1,8,1,9
MAP1LC3A,7,2,9
ESRRG,7,2,9
KIF11,9,0,9
EPHA1,6,3,9
CR1,9,0,9
MCHR2,1,8,9
NOX4,6,3,9
HSPA4,3,6,9
ITGAX,8,1,9
ITGB1BP1,1,8,9
PELI1,5,4,9
SSTR1,4,5,9
SIGLEC1,7,2,9
COL4A5,1,8,9
COL4A6,1,8,9
AMFR,5,4,9
CYBB,7,2,9
WNT10B,1,8,9
LPP,9,0,9
UBE2D2,2,7,9
HEY1,4,5,9
HEY2,4,5,9
PDE3B,5,4,9
PDE4D,8,1,9
XRCC4,8,1,9
SLC2A2,9,0,9
APLP2,9,0,9
MCAM,4,5,9
DHH,1,8,9
F9,7,2,9
PABPC1,6,3,9
INPPL1,6,3,9
SH3GLB1,3,6,9
SH3KBP1,3,6,9
SH3RF1,4,5,9
GALR2,2,7,9
CYP7A1,9,0,9
GBF1,8,1,9
SLC4A1,9,0,9
HHIP,6,3,9
PRKAR2B,4,5,9
SRSF7,8,1,9
FPR2,7,2,9
INHBB,1,8,9
FANCM,4,5,9
FCER2,7,2,9
MYF6,8,1,9
RAP1GDS1,0,9,9
POU2AF1,1,8,9
CASP10,5,4,9
WWC1,8,1,9
AGRP,2,7,9
PIAS2,2,7,9
FCGR1A,3,6,9
F2RL2,1,8,9
DEPTOR,8,1,9
PRLHR,2,6,8
UBE2L3,2,6,8
P2RY2,1,7,8
HBG2,8,0,8
RBBP6,7,1,8
RGS19,5,3,8
ERCC5,6,2,8
TNFRSF14,6,2,8
USP8,3,5,8
EGLN2,5,3,8
CEACAM6,3,5,8
NUP214,5,3,8
WNT9B,0,8,8
BRIP1,5,3,8
TBX5,1,7,8
STX3,6,2,8
SELPLG,1,7,8
USP24,5,3,8
IL19,0,8,8
MSX2,5,3,8
PREX2,4,4,8
WNK3,0,8,8
MBTPS1,1,7,8
MBL2,1,7,8
TRIM63,7,1,8
LNX1,1,7,8
XDH,6,2,8
NTS,1,7,8
CBX1,3,5,8
PTPN18,3,5,8
IRF4,4,4,8
ICAM3,3,5,8
FAP,7,1,8
MCOLN1,6,2,8
POLB,8,0,8
GOLGA2,7,1,8
HDLBP,4,4,8
CENPA,8,0,8
ASXL1,1,7,8
EMB,8,0,8
DHX58,0,8,8
F8,3,5,8
CLASP2,4,4,8
CLASP1,5,3,8
LTBR,5,3,8
HLA-DRB5,1,7,8
ADARB1,7,1,8
NAMPT,4,4,8
HAS2,6,2,8
TCTN1,0,8,8
NLRC4,4,4,8
PPY,1,7,8
PFN1,7,1,8
SHC3,7,1,8
BUB1B,7,1,8
RGMB,4,4,8
SLC18A2,8,0,8
HOXB13,4,4,8
HOXB1,5,3,8
GP5,4,4,8
UBE2D3,3,5,8
OTUB1,2,6,8
SIGLEC15,3,5,8
SIGLEC14,6,2,8
IDH1,8,0,8
G3BP1,5,3,8
AVPR2,6,2,8
WNT3,0,8,8
AQP1,8,0,8
ARHGAP12,7,1,8
F11,3,5,8
PAX7,4,4,8
KLKB1,2,6,8
PROX1,4,4,8
TG,5,3,8
TFPI,4,4,8
PROCR,6,2,8
WASF1,7,1,8
ADRA1B,2,6,8
SSTR3,6,2,8
TTL,1,7,8
NEK9,3,5,8
NPFFR2,4,4,8
EPHA6,8,0,8
GRIA4,8,0,8
TP53INP1,3,5,8
EPHB6,7,1,8
NEGR1,8,0,8
ZFYVE9,5,3,8
GDF2,1,7,8
CLK2,3,5,8
NTF3,2,6,8
MTNR1B,4,4,8
FH,7,1,8
PKP4,8,0,8
USP1,4,4,8
PLA2G2A,1,7,8
HAVCR1,5,3,8
BRSK1,2,6,8
CAMK1D,3,5,8
OPTN,3,5,8
GNG12,4,4,8
MUC2,7,1,8
FAF1,6,2,8
DRD5,0,8,8
TUBA4A,8,0,8
LIMK2,7,1,8
BCLAF1,7,1,8
FKBP5,5,3,8
ANGPT2,7,1,8
LFNG,3,5,8
MEIS2,4,4,8
STK10,5,3,8
YWHAE,3,5,8
ADAM2,3,5,8
OXGR1,0,8,8
KSR1,5,3,8
MXI1,5,3,8
MXD1,7,1,8
IGFBP5,5,3,8
PHKG2,2,6,8
IKZF1,7,1,8
FBXO32,7,1,8
CLTC,8,0,8
ALOX15,6,2,8
CFH,2,6,8
AKAP12,6,2,8
PTH2R,8,0,8
ZEB2,4,4,8
SLK,5,3,8
DOT1L,0,8,8
STK24,3,5,8
MATK,2,6,8
HNRNPH1,6,2,8
TAC1,1,7,8
TAB3,5,3,8
DRAM2,1,7,8
ZNF202,0,8,8
POU3F2,5,3,8
GPR132,0,8,8
HTR2A,2,6,8
SPAG5,5,3,8
SYVN1,2,6,8
SCN3A,8,0,8
TAOK2,2,6,8
CCL21,0,8,8
CXCL6,2,6,8
GPR119,0,8,8
LAMA5,0,8,8
CAST,5,3,8
CASR,7,1,8
MPO,7,1,8
RNF216,1,7,8
FGF10,5,3,8
PDE3A,4,4,8
MSX1,3,5,8
MYBPC3,8,0,8
CNR2,3,5,8
ANLN,8,0,8
MCM4,8,0,8
RRN3,8,0,8
GHRL,1,7,8
ATP1A1,8,0,8
BMP1,1,7,8
ETV5,7,1,8
KCNB1,6,2,8
LGALS9,0,8,8
AGO2,8,0,8
COIL,8,0,8
IL23R,4,4,8
DMTN,8,0,8
NQO1,7,1,8
HLA-DMB,2,6,8
DEAF1,5,3,8
ATRIP,6,2,8
PCM1,2,6,8
UBE4B,3,5,8
CD46,7,1,8
MAPK8IP2,1,7,8
NFYB,2,6,8
TRPC5,6,2,8
CD300LF,4,4,8
FOXH1,1,7,8
RAMP1,8,0,8
SERPING1,4,4,8
SFRP1,2,6,8
ZMYM2,6,2,8
RRAD,8,0,8
CYP2E1,7,1,8
SUMO2,1,7,8
REN,5,3,8
ARHGDIB,4,4,8
ARHGAP5,6,2,8
ATF5,2,6,8
CD55,5,3,8
CYP17A1,8,0,8
S100A10,4,4,8
BAMBI,2,6,8
EPB41,5,3,8
CHRM3,2,6,8
NSF,7,1,8
PTPRT,4,4,8
PTPRR,3,5,8
DEF6,2,6,8
CRY2,7,1,8
CARD9,5,3,8
LTB4R,3,5,8
LTA,2,6,8
PTPRK,4,4,8
CTSG,2,6,8
IL1RAPL2,5,3,8
IL11,4,4,8
TRPM6,4,4,8
FFAR2,1,7,8
FBP1,7,1,8
HMGB2,2,6,8
LILRA6,5,3,8
TRPM7,2,6,8
IDO1,0,8,8
NDN,2,6,8
LPAR6,0,8,8
SKIL,3,5,8
KL,4,4,8
GPHN,6,2,8
PHB2,3,5,8
RAD50,4,4,8
RACGAP1,6,2,8
PREX1,7,1,8
SCARB1,5,3,8
TXK,5,3,8
ACTC1,7,0,7
RPSA,5,2,7
CCAR2,4,3,7
TPR,5,2,7
PCDH1,7,0,7
HLA-DOB,1,6,7
MCM3,7,0,7
HERC2,4,3,7
TRRAP,6,1,7
IL12RB1,5,2,7
CD59,3,4,7
TACR2,3,4,7
THRSP,0,7,7
CACNB2,7,0,7
KREMEN1,6,1,7
EXO1,7,0,7
ITGA11,6,1,7
SHOC2,4,3,7
HLA-DMA,1,6,7
EP400,2,5,7
ROBO1,7,0,7
CRTAM,4,3,7
FNTA,3,4,7
HMGN2,6,1,7
PIK3C2A,3,4,7
PIK3AP1,3,4,7
RNF5,2,5,7
BMP8A,0,7,7
FOXC1,4,3,7
AATF,3,4,7
RRAS,6,1,7
IL1RL2,7,0,7
MAP1S,7,0,7
DCLK1,7,0,7
SPTBN2,6,1,7
RAD17,5,2,7
ELMO1,5,2,7
CIT,5,2,7
CRY1,6,1,7
CHKA,4,3,7
NID1,1,6,7
KIF23,7,0,7
ARHGAP31,4,3,7
PSMD2,7,0,7
ARHGEF1,5,2,7
ECT2,5,2,7
BMP15,0,7,7
BAZ1B,5,2,7
PLXNB3,4,3,7
MFN2,7,0,7
PSMD4,7,0,7
SMARCD3,5,2,7
CNOT4,5,2,7
ATG9A,6,1,7
DSC3,2,5,7
GRB14,6,1,7
GIPC1,0,7,7
MMP10,5,2,7
SMARCA2,4,3,7
SMAD9,6,1,7
TRPM2,7,0,7
LMO7,7,0,7
LRRTM2,2,5,7
ASNS,7,0,7
CCP110,3,4,7
BMF,3,4,7
PCSK1,4,3,7
IFNGR2,4,3,7
EDF1,1,6,7
TRA2B,7,0,7
UHMK1,0,7,7
CD22,5,2,7
WWP2,1,6,7
HTR1D,1,6,7
GNB3,3,4,7
BGN,1,6,7
NFASC,3,4,7
INPP5D,4,3,7
IL22,1,6,7
IL20RB,4,3,7
IL1RN,3,4,7
TXNIP,5,2,7
HLTF,4,3,7
HLA-E,2,5,7
PAFAH1B1,2,5,7
CTHRC1,3,4,7
DNAJC5,5,2,7
MAZ,7,0,7
PPM1F,0,7,7
PHB,6,1,7
STING1,6,1,7
PLCB2,5,2,7
SLC25A4,6,1,7
LHX4,1,6,7
PRKAG1,5,2,7
BCL9,5,2,7
HSD3B2,7,0,7
DUSP5,4,3,7
RCHY1,3,4,7
MSH6,6,1,7
FAM20C,0,7,7
THPO,0,7,7
FGF9,0,7,7
EFEMP2,2,5,7
PYGL,7,0,7
UBA1,7,0,7
TCF12,5,2,7
TNFRSF11A,3,4,7
PPP2R5A,5,2,7
TIMELESS,2,5,7
MN1,5,2,7
KMT2D,5,2,7
MAML2,2,5,7
TRIM13,2,5,7
PRRX1,0,7,7
CDKN2C,4,3,7
CTNNA1,6,1,7
POLH,6,1,7
HUWE1,3,4,7
HOXA7,4,3,7
METTL3,3,4,7
PBRM1,3,4,7
CCDC6,7,0,7
HLA-DPA1,0,7,7
SPAST,7,0,7
MCHR1,1,6,7
ALCAM,4,3,7
CFB,7,0,7
PDIA3,6,1,7
NSMCE2,1,6,7
NECTIN4,6,1,7
SMC1A,7,0,7
ESPL1,5,2,7
CBX4,5,2,7
HGS,4,3,7
ALDOB,7,0,7
PHGDH,7,0,7
CDH3,6,1,7
CAPN3,2,5,7
KCNMA1,7,0,7
SLC11A1,7,0,7
MAPRE1,7,0,7
CD226,5,2,7
HLA-DQB2,0,7,7
HLA-DQA2,0,7,7
IFNLR1,5,2,7
SHB,4,3,7
PCBP2,5,2,7
PCBP1,6,1,7
PTP4A3,0,7,7
ICOSLG,3,4,7
MCPH1,2,5,7
TLR5,2,5,7
KCNJ4,7,0,7
PLA2G1B,7,0,7
GALR3,2,5,7
WNT10A,0,7,7
FRAT1,4,3,7
SND1,4,3,7
GNG2,3,4,7
HABP4,6,1,7
PDP1,4,3,7
GPR35,1,6,7
XPO1,4,3,7
NUP153,4,3,7
AGAP2,7,0,7
NEK7,2,5,7
PRPS1,7,0,7
EIF2S3,7,0,7
SATB2,3,4,7
ICAM2,4,3,7
NKX3-2,2,5,7
PDYN,1,6,7
MYL12B,7,0,7
NOL3,4,3,7
LDHA,7,0,7
AVPR1B,2,5,7
WNT16,1,6,7
FANCI,6,1,7
AMH,2,5,7
DGCR8,6,1,7
CETN2,7,0,7
IFNA2,1,6,7
SGO1,7,0,7
POLA1,7,0,7
PHLPP2,0,7,7
FBXO22,0,7,7
CDCA5,5,2,7
AC018755.2,3,4,7
LGR4,7,0,7
ARIH1,5,2,7
RGMA,1,6,7
MUC4,6,1,7
AVPR1A,4,3,7
CYP11A1,7,0,7
CRTC1,7,0,7
ACAN,7,0,7
GAST,4,3,7
APPL1,4,3,7
SEMA4A,1,6,7
MLXIPL,4,3,7
RANGAP1,7,0,7
STK38L,4,3,7
ALDH2,6,1,7
MASTL,4,3,7
RHOQ,4,3,7
SIRT6,2,5,7
SIRT3,3,4,7
WNT5B,0,7,7
H2BC21,7,0,7
IL5,1,6,7
GTF2F1,6,1,7
FGF23,1,6,7
PTBP2,4,3,7
PSTPIP1,4,3,7
DOK2,6,1,7
HLA-DOA,1,6,7
AREL1,2,5,7
ATP8B1,0,7,7
ARID5B,1,6,7
NFX1,3,4,7
GPI,6,1,7
MGMT,7,0,7
LAMB3,0,7,7
CACNA1S,7,0,7
DST,7,0,7
RNF2,5,2,7
H1-2,5,2,7
CLDN4,6,1,7
MYH2,7,0,7
GTSE1,6,1,7
TNNT2,7,0,7
CEP250,7,0,7
TET2,5,2,7
NLGN3,2,5,7
FOXJ1,1,6,7
TAGLN,7,0,7
SLC5A5,7,0,7
HPGD,7,0,7
MKI67,7,0,7
MRTFA,5,2,7
ANGPTL4,0,7,7
ENPP1,6,1,7
SFTPD,3,4,7
CHRM5,0,7,7
CLDN3,7,0,7
EPHA10,7,0,7
RHOC,3,4,7
ATP1B1,6,1,7
P2RY4,1,6,7
P2RY14,2,5,7
P2RY10,0,7,7
POU1F1,5,2,7
MKRN1,1,6,7
PI4KB,7,0,7
TAF1,1,6,7
RSPO3,0,7,7
C1QBP,3,4,7
C1QA,3,4,7
CASP5,3,4,7
MASP1,4,3,7
ELK4,6,1,7
KISS1,5,2,7
FZD10,7,0,7
WNT9A,0,7,7
MICA,5,2,7
JAM2,5,2,7
KCNIP3,3,4,7
RGS2,2,5,7
TBX1,3,4,7
SEMA3A,0,7,7
USP28,2,5,7
IL1R2,3,4,7
IL18BP,1,6,7
GLRX,1,6,7
CDC34,6,1,7
COL4A2,2,5,7
PDCD1LG2,4,2,6
FCER1A,5,1,6
PJA2,2,4,6
DDX21,4,2,6
DDX3X,3,3,6
FCGR2B,4,2,6
BRD3,5,1,6
AHSG,4,2,6
P2RY13,0,6,6
AIMP1,2,4,6
CNKSR1,3,3,6
TNFRSF25,3,3,6
TNFRSF6B,3,3,6
CD96,3,3,6
PIKFYVE,6,0,6
TTN,4,2,6
ADRA2C,0,6,6
CD72,5,1,6
ANKRD11,1,5,6
NLGN4X,1,5,6
HOXD12,0,6,6
XRN2,6,0,6
HBG1,6,0,6
CD3E,5,1,6
UBQLN2,2,4,6
GABARAPL1,5,1,6
MYL2,4,2,6
OSMR,2,4,6
OSR1,3,3,6
DRD4,1,5,6
LIG1,6,0,6
RIT2,5,1,6
GYS2,6,0,6
CACNG2,6,0,6
LY6G6F,5,1,6
CTNNA2,5,1,6
AMOTL2,4,2,6
PDE1C,6,0,6
RBBP7,2,4,6
HOXC8,5,1,6
LGALS1,3,3,6
CTDSP1,0,6,6
FKBP1A,0,6,6
FKBP8,3,3,6
CFC1,3,3,6
MYOC,1,5,6
DDB1,3,3,6
KIF20A,6,0,6
NEDD1,6,0,6
TXNRD1,5,1,6
DUSP26,0,6,6
CXADR,4,2,6
JAML,5,1,6
QDPR,5,1,6
RAB11A,3,3,6
RSPO1,0,6,6
F5,6,0,6
CDK11B,4,2,6
ETV4,4,2,6
RREB1,4,2,6
CEP43,5,1,6
DLL3,2,4,6
SKP1,4,2,6
LPAR5,0,6,6
KIF3A,5,1,6
CENPJ,4,2,6
DEK,4,2,6
CYP3A4,6,0,6
IREB2,6,0,6
SCTR,6,0,6
CNTN2,1,5,6
ARPC5,3,3,6
HNF4G,1,5,6
SIX3,4,2,6
EIF5B,6,0,6
GMFB,6,0,6
GTF3C1,6,0,6
PDHA2,6,0,6
CGN,2,4,6
TNPO1,1,5,6
PTPN9,0,6,6
PLXND1,5,1,6
RNF31,3,3,6
RNF41,3,3,6
RNF43,5,1,6
DROSHA,6,0,6
CNN1,6,0,6
CYP2B6,6,0,6
UNC5C,2,4,6
DMD,6,0,6
SH2B3,3,3,6
RPS29,0,6,6
H2BC14,6,0,6
BMP3,0,6,6
GABRB2,5,1,6
RNF11,2,4,6
ACD,2,4,6
ACE2,4,2,6
CCDC88A,6,0,6
BNIP3L,4,2,6
GRM4,5,1,6
MAPK15,4,2,6
SERPINB2,5,1,6
KIF2C,6,0,6
RAB7A,2,4,6
SNRNP70,6,0,6
DSCAML1,1,5,6
CD209,4,2,6
TAF2,6,0,6
ATG13,4,2,6
RORC,3,3,6
TRIP12,3,3,6
TCAP,5,1,6
H2AW,6,0,6
PDCD4,6,0,6
RFWD3,3,3,6
SLC20A1,6,0,6
RAN,4,2,6
ADORA3,1,5,6
BORA,4,2,6
WASF2,6,0,6
PDE4B,5,1,6
TFAP2B,2,4,6
PBX2,0,6,6
CTPS1,6,0,6
TBC1D4,5,1,6
TCF7,3,3,6
KLF8,4,2,6
CDH4,2,4,6
KCNJ11,6,0,6
TLR1,4,2,6
TLR6,4,2,6
ERRFI1,4,2,6
DSG1,4,2,6
DTL,4,2,6
AMOT,4,2,6
INSIG2,3,3,6
FBLIM1,3,3,6
UBE2D1,2,4,6
OLR1,3,3,6
CUL5,4,2,6
MYH1,6,0,6
MYLIP,2,4,6
FBXO31,4,2,6
FGF19,1,5,6
TLK2,4,2,6
CETN1,6,0,6
SOST,2,4,6
TUBB,4,2,6
VAPA,6,0,6
LAMA3,2,4,6
LAMA4,2,4,6
PIGR,3,3,6
CAV3,5,1,6
DCLRE1B,2,4,6
EDN3,3,3,6
HOXA11,4,2,6
SMN1,6,0,6
MPG,3,3,6
EPB41L1,5,1,6
AMER1,0,6,6
CEACAM8,2,4,6
NCS1,2,4,6
ABCC1,6,0,6
HRH3,0,6,6
SNAPIN,5,1,6
SNCAIP,5,1,6
SNCB,5,1,6
MBTPS2,1,5,6
PPFIA1,5,1,6
MASP2,3,3,6
RSPO2,0,6,6
MAGI2,1,5,6
NCOA4,1,5,6
EGLN3,1,5,6
CYSLTR1,1,5,6
TYMS,6,0,6
SAT1,6,0,6
ADD3,6,0,6
ATXN7,6,0,6
CD24,4,2,6
CD244,3,3,6
RGS16,6,0,6
KCNJ1,6,0,6
PLSCR1,6,0,6
GABRG2,6,0,6
CTR9,6,0,6
FERMT2,4,2,6
FFAR1,0,6,6
DOCK7,4,2,6
IL13RA1,3,3,6
DLG3,4,2,6
CREB3L1,4,2,6
TFAM,5,1,6
PTCH2,3,3,6
IMPDH2,2,4,6
ING4,1,5,6
CD38,3,3,6
GNG4,3,3,6
VRK2,0,6,6
HECTD3,2,4,6
H2AC8,6,0,6
MLH1,5,1,6
MLNR,1,5,6
GATA5,1,5,6
SLC12A2,6,0,6
IL9,0,6,6
GAS1,5,1,6
PTK7,4,2,6
LEFTY2,3,3,6
GPR183,1,5,6
POU3F1,3,3,6
CCR6,6,0,6
PROKR1,5,1,6
PELP1,4,2,6
SENP1,0,6,6
KTN1,2,4,6
MAD2L2,2,4,6
MADCAM1,2,4,6
TRIB3,2,4,6
ALDH1A1,6,0,6
SEMA6D,0,6,6
PRPS2,6,0,6
ASAP1,3,3,6
NOX5,5,1,6
MINK1,1,5,6
NFKBIE,3,3,6
CRABP2,6,0,6
TGIF1,2,4,6
MALT1,4,2,6
SSTR5,3,3,6
MRAP,1,5,6
MVD,2,4,6
ZFPM1,4,2,6
FABP4,6,0,6
LYL1,3,3,6
KIF1C,4,2,6
ICAM5,1,5,6
IRF2,2,4,6
PTPA,1,5,6
PTPN22,1,5,6
TBXAS1,6,0,6
OSBP2,6,0,6
UNG,6,0,6
KAT7,5,1,6
KMT5A,5,1,6
C5AR2,3,3,6
CAV2,6,0,6
SEPTIN5,6,0,6
CD68,6,0,6
PPP6C,0,6,6
SRSF5,6,0,6
LIPA,6,0,6
PSPN,0,6,6
HEXIM1,4,2,6
ABCC2,6,0,6
UFL1,3,3,6
H1-1,6,0,6
RFC1,6,0,6
HAT1,3,3,6
TAF3,6,0,6
TRIM22,5,1,6
TRIM24,4,2,6
PKIA,4,2,6
LNPEP,6,0,6
USP13,3,3,6
DOK4,2,4,6
TAOK1,3,3,6
TAOK3,3,3,6
TYROBP,5,1,6
SLC10A1,6,0,6
DSG4,6,0,6
MAFF,3,3,6
ENAH,6,0,6
AQP4,6,0,6
ATP2B4,6,0,6
IL21R,3,3,6
IL22RA1,3,3,6
EPX,1,5,6
STAM2,6,0,6
GRIA2,6,0,6
KLK2,1,5,6
BTLA,2,4,6
BTNL8,1,5,6
TNFRSF8,2,4,6
TNFSF11,2,4,6
TNFSF12,0,6,6
PIM3,1,5,6
MAML3,2,4,6
APBB1,6,0,6
WWOX,4,2,6
KLC1,5,1,6
PIK3R4,4,2,6
CCNA1,3,3,6
DYNLL1,3,3,6
GPER1,0,6,6
PHF2,2,4,6
CCL25,0,6,6
CCL28,1,5,6
CCL3L3,1,5,6
DYRK3,1,5,6
IFNL1,2,4,6
MYH7,6,0,6
LGR5,6,0,6
TRIM33,2,4,6
SUN1,4,2,6
TNS1,5,1,6
CDC42BPB,1,5,6
PALLD,5,1,6
PAM,2,4,6
TBX2,1,4,5
BRD8,2,3,5
CDC42EP4,4,1,5
PALB2,1,4,5
ANP32A,3,2,5
FARP2,1,4,5
MYLK2,4,1,5
AGTR2,4,1,5
AHSP,3,2,5
P2RY12,1,4,5
USP22,2,3,5
FZD9,4,1,5
TPM3,5,0,5
ECE1,4,1,5
KRT14,3,2,5
KRT16,4,1,5
PITPNM1,4,1,5
UBE2A,4,1,5
CDCA8,5,0,5
CEBPE,3,2,5
NPW,0,5,5
NPY1R,4,1,5
C5,0,5,5
DSG2,3,2,5
TNFRSF21,3,2,5
PSMA5,4,1,5
KDM3B,0,5,5
CD70,2,3,5
ANKRD1,4,1,5
CADM4,0,5,5
KHDRBS2,4,1,5
CUL4A,4,1,5
ERCC8,0,5,5
PRKX,1,4,5
MCOLN3,3,2,5
EYA1,2,3,5
SUPT5H,5,0,5
MICB,3,2,5
ATP2B1,5,0,5
SRRT,5,0,5
ZNF217,5,0,5
PIK3R3,3,2,5
IRAK2,5,0,5
EMD,4,1,5
ADCY2,5,0,5
DUSP10,1,4,5
HOXA1,5,0,5
SOX5,1,4,5
MTSS1,2,3,5
C4B,3,2,5
VEGFB,1,4,5
CCNO,2,3,5
GABRA1,5,0,5
FLOT1,5,0,5
MAOB,5,0,5
HBE1,5,0,5
CLDN6,5,0,5
SKAP2,5,0,5
CDC73,2,3,5
SPON2,0,5,5
TLR7,2,3,5
ASF1A,3,2,5
SP7,3,2,5
XRCC3,3,2,5
SETDB1,4,1,5
TLE5,0,5,5
SERPINB5,5,0,5
TK1,5,0,5
CARD8,2,3,5
CHRNA1,5,0,5
NPHS1,5,0,5
SAP30,4,1,5
TOPORS,4,1,5
PSMC3IP,0,5,5
NMS,0,5,5
NMU,0,5,5
SORBS2,4,1,5
SORBS3,3,2,5
SCRIB,5,0,5
CBS,5,0,5
GCK,5,0,5
SLITRK1,1,4,5
CKS1B,2,3,5
PTPRM,3,2,5
ARHGEF25,2,3,5
TSG101,5,0,5
SRGAP3,1,4,5
APOA5,4,1,5
TET1,2,3,5
FYB1,5,0,5
FGF5,1,4,5
GLS,5,0,5
ARPC1B,5,0,5
CLDN19,1,4,5
PNCK,2,3,5
GZMA,0,5,5
LAMC3,0,5,5
LAMTOR3,1,4,5
SNX9,2,3,5
FHL1,4,1,5
NR2E3,3,2,5
TFCP2,4,1,5
KCNN4,5,0,5
RAB8A,5,0,5
BUB3,5,0,5
BIN1,5,0,5
DDC,5,0,5
MATN1,1,4,5
PRKAR1B,3,2,5
PAPOLA,5,0,5
RAB1A,2,3,5
FLNB,5,0,5
FGF6,0,5,5
FGFBP1,3,2,5
CBFA2T3,1,4,5
DCTN1,4,1,5
ALDH1A2,3,2,5
SF3B1,5,0,5
WNT2B,0,5,5
NHS,4,1,5
MCF2,2,3,5
NHLH2,2,3,5
KCNQ1,5,0,5
GRIN2C,4,1,5
PDP2,2,3,5
TRIM5,4,1,5
ARF6,2,3,5
ZC3HC1,5,0,5
CHGA,5,0,5
SFRP2,1,4,5
TFAP2C,2,3,5
MCM7,5,0,5
EFS,5,0,5
NUSAP1,4,1,5
TBL1XR1,2,3,5
NLGN1,1,4,5
AUTS2,2,3,5
SLCO1B3,5,0,5
CD37,5,0,5
KLRD1,5,0,5
LILRB5,5,0,5
RALGDS,2,3,5
UGT2B17,5,0,5
ALDOA,5,0,5
MAFK,5,0,5
COL13A1,5,0,5
AMBP,1,4,5
APBA1,2,3,5
UBA52,4,1,5
UBC,4,1,5
CDC16,5,0,5
CACNA1H,5,0,5
TRIM9,4,1,5
CLK1,0,5,5
ADRA1D,1,4,5
CALCRL,5,0,5
TRIM59,2,3,5
SNCG,4,1,5
FRK,2,3,5
HK1,5,0,5
DCT,5,0,5
PPARGC1B,2,3,5
EEF1A2,5,0,5
CCL14,0,5,5
ASGR1,5,0,5
RBCK1,3,2,5
ITGA10,3,2,5
HIF3A,3,2,5
HOXD11,3,2,5
VAMP2,5,0,5
SEC24B,5,0,5
DAGLA,5,0,5
EPB41L3,5,0,5
EPS15L1,5,0,5
CYP2C18,5,0,5
RNMT,5,0,5
TLE3,5,0,5
RTKN,4,1,5
NCOA6,2,3,5
NCR1,3,2,5
CDR2,0,5,5
CYTH2,3,2,5
PPP2R5D,4,1,5
NASP,5,0,5
SCGB1A1,4,1,5
PARVA,3,2,5
HTR1E,1,4,5
KIF4A,4,1,5
PER3,4,1,5
DECR1,5,0,5
EGLN1,4,1,5
ATG10,3,2,5
SEMA3B,1,4,5
SEMA3C,1,4,5
ODC1,5,0,5
ZDHHC2,0,5,5
TAT,1,4,5
CTCFL,0,5,5
SLC6A4,5,0,5
TDP2,2,3,5
USP10,3,2,5
PAPOLB,5,0,5
CMA1,2,3,5
IL1F10,0,5,5
PRDM2,3,2,5
TERF2IP,5,0,5
FNBP1,5,0,5
C1QB,2,3,5
ZBED1,1,4,5
EIF2AK1,1,4,5
LORICRIN,5,0,5
MAP4K5,3,2,5
C1R,5,0,5
SYN3,4,1,5
GABRB1,5,0,5
CLCF1,0,5,5
CD27,2,3,5
KCND3,5,0,5
SOX11,4,1,5
SOX17,2,3,5
JMJD1C,2,3,5
HMGA2,2,3,5
SRP54,1,4,5
RNF138,3,2,5
RNF139,1,4,5
DSC1,1,4,5
DSC2,1,4,5
PTGER1,0,5,5
TRPM4,4,1,5
MAP1LC3C,3,2,5
PDHX,1,4,5
SAFB2,5,0,5
WIPF1,4,1,5
WIPI1,4,1,5
CABIN1,1,4,5
CABLES1,2,3,5
DKK3,1,4,5
CHRM4,0,5,5
ITGAD,4,1,5
KCNK3,5,0,5
CNTN5,2,3,5
TRPM8,5,0,5
ADCY7,5,0,5
GFRA2,5,0,5
GFRA3,5,0,5
REV3L,5,0,5
PLXNA4,5,0,5
PLXNA3,5,0,5
PDK2,0,5,5
PDK4,3,2,5
UFD1,3,2,5
ESCO1,2,3,5
GABRR1,5,0,5
MIP,5,0,5
RAB4A,4,1,5
NEUROD4,5,0,5
APH1A,1,4,5
MBD1,2,3,5
EIF5,3,2,5
KLRB1,4,1,5
DDIT4,4,1,5
AKAP1,4,1,5
AKAP5,3,2,5
FANCC,2,3,5
IFNL2,1,4,5
NME2,3,2,5
TRPC4,4,1,5
DUSP9,0,5,5
APLN,1,4,5
APLNR,2,3,5
CD320,4,1,5
ZMIZ1,1,4,5
KIF22,5,0,5
PCYT1B,5,0,5
PSMA3,5,0,5
TMPO,5,0,5
FLT3LG,4,1,5
ACE,1,4,5
UCHL5,1,4,5
GPX1,5,0,5
STAG2,2,3,5
ASXL2,3,2,5
NBEAL2,1,4,5
KIR2DL3,5,0,5
TAL2,5,0,5
GORASP1,5,0,5
RPL11,0,5,5
TCL1A,2,3,5
MMP8,2,3,5
GRIN2D,5,0,5
GNGT1,2,3,5
PGK1,3,2,5
ADCY9,5,0,5
GLP1R,5,0,5
CACNA1A,5,0,5
KAT6A,1,4,5
KAT8,1,4,5
MFN1,4,1,5
MFNG,1,4,5
CYBA,5,0,5
PDGFC,2,3,5
H1-4,5,0,5
MLKL,4,1,5
FOSB,4,1,5
FLRT2,2,3,5
STAMBP,5,0,5
PTGES,5,0,5
COL5A3,0,5,5
COL6A1,0,5,5
ABCG2,5,0,5
UCP1,5,0,5
NUP98,5,0,5
IL17RA,5,0,5
COX5B,4,1,5
JARID2,0,5,5
NET1,4,1,5
DUSP2,0,5,5
CP,3,2,5
COLGALT1,0,5,5
GMNN,3,2,5
GTF2B,4,1,5
LGI3,1,4,5
KLF15,3,2,5
KLF16,4,1,5
MYT1,3,2,5
MZF1,3,2,5
LSR,5,0,5
FOXD3,0,5,5
KNL1,3,2,5
NPR1,5,0,5
NPR2,5,0,5
SLURP1,0,5,5
HDGF,3,2,5
BARD1,2,3,5
GTF2A1,5,0,5
PRPF3,5,0,5
IL9R,3,2,5
TPM2,5,0,5
ADCY8,5,0,5
EPN1,3,2,5
HSPH1,3,2,5
PROK1,0,5,5
NRG2,0,5,5
H2BC3,5,0,5
APOC2,1,4,5
SEMA7A,1,4,5
PHKA2,3,2,5
GOPC,1,4,5
IL3RA,3,2,5
TREML2,3,2,5
TRIB2,4,1,5
RRM1,5,0,5
ULK3,1,4,5
ARTN,0,5,5
ELN,5,0,5
DYNC1LI1,5,0,5
TNFAIP8,5,0,5
RLIM,3,2,5
ABCC6,5,0,5
SFTPB,5,0,5
PGF,2,3,5
IGFBP7,3,2,5
FLII,5,0,5
PIP4K2A,5,0,5
ADAMTS1,3,2,5
NPB,0,5,5
NPFFR1,1,4,5
CD2AP,4,1,5
SSTR4,2,3,5
DSG3,5,0,5
UGT1A1,5,0,5
NDE1,5,0,5
AANAT,3,2,5
HNRNPD,4,1,5
LPIN1,4,1,5
TLE1,3,2,5
SCAP,3,2,5
TPO,3,2,5
CLDN5,5,0,5
CHD2,1,4,5
USP6,2,3,5
MYBBP1A,5,0,5
INSL5,0,5,5
FSHR,5,0,5
ATP1A2,5,0,5
PRMT6,0,5,5
ANOS1,3,2,5
RAPGEF5,1,4,5
USP5,1,3,4
ERCC3,4,0,4
AP1B1,1,3,4
NAP1L1,2,2,4
NPPC,1,3,4
INSM1,2,2,4
AMHR2,2,2,4
CEBPG,1,3,4
GSTA4,4,0,4
ITPKA,4,0,4
PPP1R13L,2,2,4
ISL2,4,0,4
CACNA1D,4,0,4
ACOX1,3,1,4
SETD7,0,4,4
CSPG4,4,0,4
MYO1E,3,1,4
RRM2B,3,1,4
OMG,0,4,4
ZFP42,4,0,4
PDE5A,4,0,4
DIDO1,3,1,4
DIO2,3,1,4
SETD2,1,3,4
LRFN4,3,1,4
CCL27,0,4,4
CCL4L2,0,4,4
ARHGEF11,2,2,4
PSMA7,3,1,4
CD8A,3,1,4
SERPINF1,3,1,4
SOAT1,4,0,4
ADAMTS5,3,1,4
AKR1B1,1,3,4
HCST,4,0,4
RNF40,3,1,4
KCNQ3,3,1,4
H2BC17,4,0,4
H2BU1,4,0,4
NPAS2,2,2,4
NPBWR1,2,2,4
SH2D3C,4,0,4
CCRL2,4,0,4
KMT2E,2,2,4
ADAMTS13,3,1,4
VPS18,2,2,4
KDM6B,3,1,4
TOM1L1,3,1,4
ZFHX3,2,2,4
KIF14,3,1,4
EXOC7,3,1,4
DEFB4A,2,2,4
BAZ2A,4,0,4
CCR9,3,1,4
RASGEF1A,1,3,4
RASGRF2,1,3,4
ARID1A,4,0,4
ARID4B,4,0,4
SPSB1,1,3,4
KEL,3,1,4
NELFA,4,0,4
SYNPO,4,0,4
TFF2,1,3,4
TFF3,2,2,4
CACNB4,4,0,4
NRG3,0,4,4
ITGB3BP,2,2,4
KIR3DL2,3,1,4
DEPP1,4,0,4
LIN28B,4,0,4
L3MBTL2,2,2,4
MMP19,2,2,4
PFKM,4,0,4
RNF123,1,3,4
RNF125,1,3,4
ULBP3,2,2,4
FOXC2,4,0,4
VPS39,3,1,4
RRM2,4,0,4
EXT1,1,3,4
GOLGA3,3,1,4
NKD1,1,3,4
NKD2,3,1,4
ICOS,2,2,4
COL6A2,0,4,4
COL6A3,0,4,4
COL7A1,2,2,4
HSPB6,1,3,4
HSPE1,0,4,4
RXFP2,4,0,4
EDIL3,1,3,4
UBE2S,4,0,4
CXCR5,4,0,4
LIN7C,0,4,4
NDC80,4,0,4
PYGB,4,0,4
PYGM,4,0,4
SLN,2,2,4
HEBP1,0,4,4
KCNA1,3,1,4
LGI1,0,4,4
SLC12A1,4,0,4
CCNE2,3,1,4
CCNF,2,2,4
CCNH,3,1,4
IL5RA,2,2,4
IL17F,0,4,4
LEFTY1,1,3,4
GPR17,0,4,4
CYP1A1,4,0,4
TAX1BP1,2,2,4
PPP1R3C,2,2,4
KREMEN2,3,1,4
GCLC,4,0,4
COLGALT2,0,4,4
GMIP,0,4,4
KLF3,2,2,4
SPDEF,1,3,4
KIRREL1,4,0,4
BMP5,1,3,4
PTPN14,0,4,4
PTPN21,0,4,4
PTPN23,0,4,4
ACIN1,4,0,4
ISG15,3,1,4
TSPAN33,2,2,4
EPRS1,3,1,4
DAPP1,4,0,4
GLRA1,4,0,4
RARRES2,0,4,4
HASPIN,3,1,4
UCHL3,1,3,4
GJB2,3,1,4
ANAPC11,4,0,4
MLF1,0,4,4
MLST8,2,2,4
NDRG2,4,0,4
ADH1B,4,0,4
SEMA3F,0,4,4
FLRT1,1,3,4
FLRT3,1,3,4
GALR1,1,3,4
CEP55,4,0,4
TYR,3,1,4
RPL13A,2,2,4
PEX14,0,4,4
GNRH2,0,4,4
MID1,2,2,4
RBM10,1,3,4
STK25,1,3,4
NFYC,2,2,4
NINL,3,1,4
ORC1,4,0,4
NACA,4,0,4
KRT7,4,0,4
PDE6G,3,1,4
PTX3,3,1,4
KMT5B,0,4,4
PFKP,3,1,4
AIMP2,4,0,4
PSME3,1,3,4
NLRP1,2,2,4
NLRX1,0,4,4
DUSP7,0,4,4
EPB41L2,4,0,4
EPN2,4,0,4
ITGA8,3,1,4
COL17A1,4,0,4
NT5E,4,0,4
SF3B2,4,0,4
STAP2,3,1,4
PIP5K1B,4,0,4
NCF4,4,0,4
SCNN1B,3,1,4
UCN3,1,3,4
FOXG1,3,1,4
MYO9B,1,3,4
RPL10,2,2,4
BEST1,4,0,4
APH1B,0,4,4
SLCO4A1,4,0,4
MBD2,2,2,4
PNPT1,2,2,4
MED14,2,2,4
PKMYT1,3,1,4
BCORL1,0,4,4
SIGIRR,4,0,4
TINF2,4,0,4
MSH2,2,2,4
PPP2R1A,0,4,4
PNKP,4,0,4
GNAT1,3,1,4
TRIP10,4,0,4
RBP1,2,2,4
CCK,2,2,4
DLGAP3,0,4,4
DKK2,0,4,4
DKK4,0,4,4
RNF128,1,3,4
TNIP1,1,3,4
PDS5B,4,0,4
CNTN4,0,4,4
CNTNAP2,3,1,4
EIF2AK4,2,2,4
EIF2B1,1,3,4
FOXF1,3,1,4
HACE1,2,2,4
CDC23,4,0,4
ZC3HAV1,3,1,4
EIF2B2,1,3,4
EIF2B3,1,3,4
FERMT3,1,3,4
IL13RA2,2,2,4
RNF144B,2,2,4
EIF2B4,1,3,4
GREB1,2,2,4
RICTOR,3,1,4
ILF3,4,0,4
DOCK6,2,2,4
MGRN1,3,1,4
PDIA6,1,3,4
COMT,4,0,4
CABP1,2,2,4
ACP5,3,1,4
ANAPC7,3,1,4
FIP1L1,3,1,4
FKBP4,2,2,4
EDA,1,3,4
PPP2R5B,0,4,4
SMC4,4,0,4
TRIM21,1,3,4
DIO1,4,0,4
C3AR1,4,0,4
SYMPK,2,2,4
PLIN1,4,0,4
POLD3,4,0,4
OPHN1,1,3,4
MC2R,3,1,4
FSCN1,4,0,4
USP16,3,1,4
STIP1,2,2,4
LIG4,4,0,4
CTDSP2,0,4,4
CTF1,0,4,4
NRTN,0,4,4
RBM15,4,0,4
CDH6,2,2,4
ATG14,2,2,4
TIPIN,1,3,4
PRDX3,3,1,4
LILRA5,3,1,4
CASP8AP2,2,2,4
YWHAG,2,2,4
CD1D,1,3,4
KIF7,1,3,4
KIFC1,3,1,4
RRAGC,3,1,4
SULF1,1,3,4
NSD2,3,1,4
TRIP11,2,2,4
EIF3E,0,4,4
EIF3F,3,1,4
EIF3I,2,2,4
ATAD2,0,4,4
CYSLTR2,0,4,4
TUBB3,4,0,4
TUBG1,4,0,4
ZDHHC5,1,3,4
UBE2V1,1,3,4
CTBP2,2,2,4
CCL22,0,4,4
TALDO1,1,3,4
TANK,1,3,4
TNFRSF10C,2,2,4
KIDINS220,4,0,4
HIF1AN,0,4,4
HIP1,2,2,4
KCNQ2,3,1,4
LSP1,4,0,4
RSPO4,0,4,4
SLITRK3,2,2,4
PTGFR,0,4,4
PPIF,3,1,4
PPM1L,0,4,4
BCL11B,3,1,4
KIF5B,1,3,4
GGT1,1,3,4
PACS1,4,0,4
USP6NL,4,0,4
DOK7,1,3,4
TRIM62,2,2,4
INHBC,0,4,4
INHBE,2,2,4
SNAP91,2,2,4
LRFN1,4,0,4
BCKDHA,4,0,4
RGCC,3,1,4
PSENEN,2,2,4
PSG7,0,4,4
ARPP19,3,1,4
ARSA,1,3,4
CCL17,0,4,4
ADO,0,4,4
PSG9,0,4,4
BCAP31,1,3,4
CHD3,4,0,4
TARBP2,3,1,4
CACNA1E,4,0,4
GC,2,2,4
BAG2,1,3,4
APBA2,1,3,4
NCR3,2,2,4
MCM5,4,0,4
MCM6,4,0,4
DYNC1LI2,4,0,4
INHA,0,4,4
TNFRSF10D,3,1,4
SCD,4,0,4
ARHGEF4,2,2,4
TNFSF15,2,2,4
BEX3,3,1,4
TACC3,4,0,4
SLC6A3,4,0,4
USP20,4,0,4
USP37,2,2,4
POFUT1,0,4,4
DBF4,4,0,4
ENTPD1,1,3,4
HOXA13,2,2,4
STAM,4,0,4
TRIP6,2,2,4
MPHOSPH10,0,4,4
GRM3,3,1,4
ADNP,0,4,4
MPZL1,4,0,4
G3BP2,2,2,4
ANGPTL3,1,3,4
TOB1,4,0,4
FTH1,4,0,4
IFITM5,4,0,4
NDUFV1,4,0,4
SLC9A3,4,0,4
HRG,0,4,4
PRPF19,1,3,4
CRHR2,4,0,4
CCR8,4,0,4
AP2M1,2,2,4
RAP2B,4,0,4
TRIM8,1,3,4
RCOR1,1,3,4
PDZD3,0,4,4
MDFI,0,4,4
ATRX,2,2,4
EIF3B,4,0,4
LCP1,4,0,4
ADIPOR2,1,3,4
SLC5A1,4,0,4
ADA,1,3,4
CXCL16,0,4,4
CSRP3,0,4,4
DCK,3,1,4
DCLRE1C,2,2,4
OS9,1,3,4
NHLRC1,1,3,4
BANF1,4,0,4
NPHP1,4,0,4
COL11A1,1,3,4
SEPTIN7,3,1,4
EDN2,1,3,4
PNOC,0,4,4
SEPTIN9,2,2,4
RNF19B,3,1,4
RNF20,3,1,4
OTUD7B,3,1,4
CCNK,4,0,4
GLS2,4,0,4
PAX4,2,2,4
RAB14,3,1,4
AKR1C4,4,0,4
LCT,4,0,4
BTN3A1,3,1,4
DDX42,4,0,4
DPYSL3,4,0,4
ARHGEF15,2,2,4
ARHGEF17,3,1,4
SRGN,3,1,4
LTB,1,3,4
ATXN1,3,1,4
ADAP1,3,1,4
ARAP2,1,3,4
ARHGAP17,1,3,4
ARHGAP22,1,3,4
SPRY1,2,2,4
LIG3,4,0,4
FGF20,0,4,4
IDH2,4,0,4
ADAM11,3,1,4
COL10A1,3,1,4
WNT8B,1,3,4
ADGRA2,4,0,4
NEIL1,4,0,4
SYNJ1,3,1,4
UBR1,3,1,4
TP53BP2,1,3,4
IL36G,0,4,4
IL36RN,3,1,4
NMUR1,2,2,4
MYL12A,4,0,4
RAC3,2,2,4
CBLL1,3,1,4
NTSR1,1,3,4
RAB2A,2,2,4
PAXIP1,1,3,4
F13A1,1,3,4
TELO2,2,2,4
TLR8,1,3,4
SCNN1G,3,1,4
SLC6A2,4,0,4
NRGN,4,0,4
KCNA5,4,0,4
DMAP1,4,0,4
GUCY2C,4,0,4
CLCN3,4,0,4
FGF16,0,4,4
FGF17,0,4,4
FGF18,0,4,4
TLK1,2,2,4
ERO1A,3,1,4
SLAMF1,4,0,4
S100A11,2,2,4
MOB1B,2,2,4
PCSK2,1,3,4
CCNT1,2,2,4
CCNT2,3,1,4
NLGN4Y,0,4,4
HAVCR2,4,0,4
ADAM22,4,0,4
PMP22,2,2,4
POT1,0,4,4
LAMTOR5,2,2,4
P4HB,3,1,4
RAD52,3,1,4
PLEKHG6,2,2,4
PLIN3,2,2,4
SLC4A4,4,0,4
RUFY1,4,0,4
KIF1B,4,0,4
CADM2,2,2,4
CCNC,2,2,4
FSTL3,2,2,4
IL32,2,2,4
WTAP,4,0,4
FEZ1,4,0,4
SSB,4,0,4
DBN1,4,0,4
FLNC,4,0,4
ATP2B2,4,0,4
DTNBP1,2,2,4
DUOX1,2,2,4
C4BPA,1,3,4
POLK,4,0,4
OGG1,4,0,4
GAK,1,3,4
MXD4,4,0,4
TBC1D1,4,0,4
FCRL4,3,1,4
BRCC3,0,4,4
GRK4,0,4,4
CDH17,3,1,4
HMMR,4,0,4
NPR3,4,0,4
CUL2,2,2,4
CUL9,2,2,4
CRLF1,2,2,4
EPCAM,2,2,4
CLDN8,4,0,4
RXFP1,4,0,4
NMT1,4,0,4
PPP1R13B,2,2,4
PJA1,2,2,4
TBR1,1,3,4
TBX3,1,3,4
RAPGEF2,3,1,4
RAPGEF3,1,3,4
ITSN2,4,0,4
BRMS1,2,2,4
SLC9A5,4,0,4
CLTB,4,0,4
RAPGEF6,2,2,4
CERT1,3,1,4
KRT20,4,0,4
LGR6,4,0,4
ECSIT,2,2,4
TRIM38,2,2,4
ST14,3,1,4
MEF2B,4,0,4
MRC1,3,1,4
SLA,2,2,4
PARK7,3,1,4
DLX2,2,2,4
EBAG9,4,0,4
HNRNPA2B1,3,1,4
RAD23A,3,1,4
H2AC20,4,0,4
ARHGAP33,3,1,4
PRG4,1,3,4
PRICKLE1,3,1,4
PLVAP,4,0,4
MAP4K2,1,3,4
DFFA,3,1,4
ILDR2,3,0,3
RPLP2,3,0,3
CASQ2,3,0,3
HNRNPC,3,0,3
UBE2J1,2,1,3
UBE2M,1,2,3
PPP1R12B,2,1,3
TXLNA,0,3,3
PUF60,1,2,3
ADAR,3,0,3
DDX20,2,1,3
ISL1,3,0,3
FCN2,0,3,3
USP2,2,1,3
TACSTD2,2,1,3
TNFRSF13C,1,2,3
CD300E,3,0,3
EDAR,3,0,3
LINGO1,3,0,3
ECM1,2,1,3
CPE,0,3,3
CPM,0,3,3
DACT2,0,3,3
COMMD5,1,2,3
MDGA1,3,0,3
MCOLN2,1,2,3
RSF1,2,1,3
UBE2E3,2,1,3
OFD1,1,2,3
FXYD1,3,0,3
DIAPH1,1,2,3
ASH1L,1,2,3
ASH2L,1,2,3
NPTN,1,2,3
SETBP1,0,3,3
SETD1B,0,3,3
NCR2,3,0,3
CEP164,3,0,3
ONECUT2,0,3,3
OPCML,1,2,3
PGAM1,3,0,3
DTX3L,1,2,3
DTX4,1,2,3
MXD3,3,0,3
IL27RA,3,0,3
CDH15,1,2,3
LZTR1,2,1,3
ERP44,2,1,3
DSPP,1,2,3
CADPS,0,3,3
GJA5,3,0,3
CRLF2,2,1,3
FBXO2,0,3,3
TLE4,2,1,3
HMGCS1,3,0,3
ST6GALNAC2,3,0,3
PHEX,3,0,3
RANBP9,3,0,3
CYP1A2,3,0,3
ASGR2,3,0,3
SLC4A2,3,0,3
NUAK2,1,2,3
NUDC,2,1,3
CDCA2,2,1,3
UNC80,0,3,3
KCNAB2,3,0,3
KCNC4,3,0,3
EYA3,1,2,3
CDC5L,2,1,3
LDHB,3,0,3
KIF2A,3,0,3
NTN4,0,3,3
TYRP1,3,0,3
ATXN3,3,0,3
SOS2,1,2,3
ESAM,3,0,3
SH3GL2,3,0,3
RABGGTB,0,3,3
SETDB2,0,3,3
STX4,3,0,3
NTSR2,1,2,3
SLIT3,0,3,3
KDM2A,2,1,3
FBXO11,0,3,3
FOXK2,3,0,3
SMG1,1,2,3
OTULIN,1,2,3
CCNG1,3,0,3
SESN1,3,0,3
GPKOW,2,1,3
SNX5,0,3,3
NR2C1,1,2,3
ARHGAP20,0,3,3
ARHGAP24,2,1,3
RAB9A,0,3,3
RABEP1,1,2,3
RABEPK,1,2,3
RABGGTA,1,2,3
HNRNPA3,3,0,3
FGF22,0,3,3
CYP1B1,3,0,3
MPRIP,2,1,3
RECK,2,1,3
EN2,1,2,3
ENPEP,2,1,3
ENSA,2,1,3
MSR1,2,1,3
PDE4DIP,0,3,3
TFB2M,2,1,3
SMARCA5,3,0,3
TUBA1C,3,0,3
ADIPOR1,2,1,3
SOCS4,1,2,3
SOCS5,1,2,3
GCC2,1,2,3
ST13,3,0,3
BAG5,0,3,3
MOS,1,2,3
DPP6,2,1,3
CSRP1,2,1,3
HOPX,1,2,3
RPS27A,3,0,3
FDXR,3,0,3
KLRC1,3,0,3
OCA2,3,0,3
UHRF2,1,2,3
NUP50,3,0,3
MCTS1,3,0,3
SASS6,3,0,3
ALAS1,3,0,3
MSI1,2,1,3
ABCC3,3,0,3
ELP3,3,0,3
MAGED1,2,1,3
CTNNBIP1,1,2,3
CYTH1,2,1,3
SOX3,2,1,3
PNPLA8,1,2,3
VIL1,3,0,3
SRCIN1,3,0,3
UGT2B7,3,0,3
RALB,2,1,3
PGAM5,0,3,3
PIK3C2B,3,0,3
NXF1,3,0,3
TNFRSF13B,3,0,3
AMELX,0,3,3
BAG4,2,1,3
EGR4,0,3,3
FFAR3,0,3,3
EIF3J,2,1,3
EIF4A1,3,0,3
PPAT,3,0,3
PTBP1,3,0,3
IQGAP3,3,0,3
XCR1,3,0,3
PLCD4,0,3,3
PDE1B,3,0,3
CCT2,3,0,3
EEF1D,2,1,3
EIF3A,3,0,3
SIPA1L1,3,0,3
APOH,3,0,3
PGD,3,0,3
LMO2,0,3,3
UQCRC2,3,0,3
ADGRL1,3,0,3
PRDM16,1,2,3
RNF185,1,2,3
CASP4,0,3,3
LHX2,1,2,3
ZBP1,0,3,3
SLITRK2,1,2,3
SNN,2,1,3
ZIC2,1,2,3
ZKSCAN3,0,3,3
ADGRE5,2,1,3
ADGRV1,1,2,3
FXYD2,3,0,3
M6PR,3,0,3
SLITRK5,0,3,3
TKT,3,0,3
TNS3,3,0,3
LRP1B,1,2,3
CHRND,3,0,3
FBXL5,0,3,3
SLITRK6,2,1,3
GUSB,3,0,3
JMJD6,2,1,3
ZDHHC9,1,2,3
SLC24A2,3,0,3
SKIV2L,3,0,3
ATG12,2,1,3
SNIP1,0,3,3
NDP,0,3,3
RPS19,2,1,3
TNIK,0,3,3
CSMD1,0,3,3
TMPRSS2,2,1,3
RBFOX2,1,2,3
FBLN1,1,2,3
FBLN5,2,1,3
SRP19,0,3,3
SRP72,2,1,3
SRSF11,1,2,3
DFFB,3,0,3
CD300C,2,1,3
GREM1,2,1,3
PEX6,1,2,3
PTGDR,1,2,3
CD200,2,1,3
CD200R1,2,1,3
RFFL,2,1,3
PCDH7,3,0,3
PSMD1,3,0,3
RRBP1,3,0,3
MBD4,2,1,3
GTF2IRD1,2,1,3
DOCK2,1,2,3
APLP1,2,1,3
DKC1,2,1,3
MID1IP1,1,2,3
ITGAE,2,1,3
PTCRA,1,2,3
PLTP,2,1,3
SLC25A5,3,0,3
RNF126,1,2,3
TNFSF9,0,3,3
SART1,3,0,3
TARM1,2,1,3
PKN3,1,2,3
CRYBA2,3,0,3
DDX23,3,0,3
ATP8A1,3,0,3
CYB5A,3,0,3
ALDH1A3,3,0,3
EVPL,3,0,3
LCAT,3,0,3
H1-3,3,0,3
ZMYND11,1,2,3
NQO2,3,0,3
VAMP1,3,0,3
FABP7,3,0,3
CRADD,1,2,3
MMP24,1,2,3
SH3BP5,3,0,3
SLC3A2,2,1,3
EVL,3,0,3
KALRN,3,0,3
STRADA,1,2,3
GNG3,1,2,3
RBM38,2,1,3
VRK3,1,2,3
MMP11,1,2,3
MMP15,1,2,3
NFRKB,3,0,3
PHC3,3,0,3
PPP4R2,3,0,3
SERPINA5,2,1,3
H1-5,3,0,3
HELLS,0,3,3
TRAF4,3,0,3
SLC1A3,3,0,3
CGAS,3,0,3
SEMA3E,0,3,3
SEMA3G,0,3,3
SEMA4C,1,2,3
TNFAIP1,2,1,3
FNIP1,1,2,3
EHF,2,1,3
EHMT1,1,2,3
PEX12,1,2,3
PEX2,1,2,3
MCU,3,0,3
ANXA4,3,0,3
RASGRP1,3,0,3
SLC12A6,3,0,3
CYP27B1,3,0,3
GPR161,2,1,3
PPA1,0,3,3
THOC5,3,0,3
CASC3,3,0,3
BLZF1,3,0,3
PTGDR2,3,0,3
COL9A1,1,2,3
COL9A2,1,2,3
GAS2,2,1,3
IFNA10,0,3,3
IFNA14,1,2,3
LGI4,0,3,3
RND3,2,1,3
CRTC3,2,1,3
ULBP2,1,2,3
LIN28A,2,1,3
PROK2,1,2,3
TFG,0,3,3
DUT,3,0,3
NRG4,0,3,3
PELI3,1,2,3
ACOT4,3,0,3
PKLR,3,0,3
FOXD1,1,2,3
CTSK,2,1,3
BANP,2,1,3
MMP16,0,3,3
PRTN3,1,2,3
LGI2,0,3,3
STX17,3,0,3
KARS1,3,0,3
NOX3,2,1,3
KIRREL3,1,2,3
SENP2,1,2,3
SENP3,1,2,3
GDE1,0,3,3
GDF10,0,3,3
GOLGB1,2,1,3
GOLPH3,2,1,3
TRHR,1,2,3
LCN2,1,2,3
CFI,2,1,3
CLDN11,3,0,3
DHFR,3,0,3
CLCN7,3,0,3
GLA,3,0,3
CAP1,2,1,3
MAK,1,2,3
NRBF2,1,2,3
MARCO,3,0,3
LVRN,3,0,3
KMT2B,2,1,3
MAPKAP1,1,2,3
WDR45,3,0,3
PLSCR4,3,0,3
ERCC4,3,0,3
IFNA4,1,2,3
IFNA5,1,2,3
IFNA7,1,2,3
IFNA8,1,2,3
DHX16,3,0,3
DERL1,3,0,3
PARN,2,1,3
KCNE1,2,1,3
KCNE3,2,1,3
METTL1,3,0,3
ELMO2,2,1,3
H2BC5,3,0,3
H2AC6,3,0,3
NKX6-1,3,0,3
ELOC,1,2,3
OBSCN,2,1,3
PLXNC1,2,1,3
OSBP,3,0,3
H2BC13,3,0,3
H2BC18,3,0,3
NELFCD,3,0,3
CAND1,0,3,3
SIPA1,2,1,3
SIRPG,2,1,3
GRSF1,3,0,3
MOBP,3,0,3
SSU72,1,2,3
MYL3,3,0,3
GSDMD,3,0,3
NPY4R,3,0,3
NPY5R,3,0,3
FPR3,3,0,3
MTHFR,3,0,3
MUTYH,0,3,3
IL12RB2,3,0,3
CNTN3,2,1,3
IDE,0,3,3
HNRNPA0,2,1,3
TOMM70,0,3,3
SLC2A3,3,0,3
ZFPM2,0,3,3
ZHX2,0,3,3
ZIC1,0,3,3
ST6GAL1,1,2,3
KCNA3,3,0,3
FABP3,3,0,3
ACSL1,3,0,3
CPT1A,3,0,3
AQP3,3,0,3
KIF13B,2,1,3
RNASE2,2,1,3
RRAGD,2,1,3
ABR,0,3,3
CYP2C9,3,0,3
GOLGA7,0,3,3
NKX2-2,2,1,3
IBSP,1,2,3
HDAC9,1,2,3
NPY2R,3,0,3
IRAK3,2,1,3
COL8A1,0,3,3
TPM1,3,0,3
MYL1,3,0,3
EVI5,1,2,3
AKR1C2,2,1,3
ARHGAP26,2,1,3
ARHGAP30,0,3,3
CLDN16,2,1,3
CEP290,2,1,3
ANKRD28,2,1,3
CDK19,0,3,3
ARFGEF1,2,1,3
ARFGEF2,2,1,3
PTPN4,0,3,3
PTGIS,3,0,3
TSPAN1,1,2,3
NPTXR,3,0,3
MAP3K13,1,2,3
GSTM3,1,2,3
XK,3,0,3
BICD2,3,0,3
SLX4,2,1,3
TMED10,2,1,3
ORAI1,2,1,3
OAZ1,3,0,3
NCAPG,3,0,3
NUP62,1,2,3
KATNA1,2,1,3
LRRFIP1,2,1,3
RASA4,0,3,3
LIPH,0,3,3
NCAPH2,2,1,3
DAP3,2,1,3
GLG1,1,2,3
TDO2,3,0,3
MUS81,3,0,3
TMPRSS6,3,0,3
MUL1,1,2,3
PLA2G7,3,0,3
HFE,3,0,3
ADH1A,3,0,3
ADH4,3,0,3
UCN,1,2,3
RASAL1,0,3,3
PACRG,3,0,3
EIF4G3,3,0,3
STAB1,2,1,3
ASPH,2,1,3
PRDX2,3,0,3
PGM1,3,0,3
SCN2B,1,2,3
GABBR2,3,0,3
ANAPC4,3,0,3
TPT1,3,0,3
HSPA2,1,2,3
S1PR5,1,2,3
FBXO4,3,0,3
RARRES1,2,1,3
FOXF2,1,2,3
UCN2,0,3,3
HOXC11,1,2,3
HERPUD1,2,1,3
HES5,2,1,3
ESRRB,2,1,3
PPL,3,0,3
MYO5A,1,2,3
AKAP13,2,1,3
FAM3C,0,3,3
DUSP14,0,3,3
PPP2R2B,1,2,3
DNAJB1,1,2,3
SHC2,2,1,3
KRT17,3,0,3
NEDD8,0,3,3
PHF3,2,1,3
TRIM2,2,1,3
TNFAIP6,3,0,3
H3Y1,3,0,3
POLR1G,3,0,3
PTS,3,0,3
FOXS1,0,3,3
MGP,1,2,3
CD1A,3,0,3
HAX1,2,1,3
TIAL1,2,1,3
GMPS,2,1,3
USP4,1,2,3
ZFP36L1,3,0,3
ABCF1,3,0,3
DUSP8,0,3,3
USO1,2,1,3
USP14,2,1,3
STC2,2,1,3
TDP1,3,0,3
PPP6R3,3,0,3
RGS14,3,0,3
CTDNEP1,0,3,3
ASB2,1,2,3
CDKN2AIP,1,2,3
FKBP1B,1,2,3
CFD,2,1,3
LGALS3BP,1,2,3
UCP2,2,1,3
TAF6,3,0,3
RBM14,3,0,3
RBMX,3,0,3
HJURP,2,1,3
HOXD10,2,1,3
WDCP,1,2,3
TAGAP,1,2,3
PIP5K1A,2,1,3
CMKLR1,1,2,3
PPME1,1,2,3
NHEJ1,3,0,3
SEMA5B,1,2,3
SEMA6A,1,2,3
DNAJC3,0,3,3
SYN2,2,1,3
SYNGAP1,1,2,3
UBE2T,0,3,3
NXPH1,0,3,3
PLA2G6,0,3,3
BCAM,3,0,3
LUM,2,1,3
CERS6,3,0,3
GLP2R,3,0,3
MUC15,3,0,3
HTR1F,1,2,3
NSD1,0,3,3
PERP,2,1,3
ARAP1,1,2,3
CCL1,1,2,3
CCL23,0,3,3
TAGLN2,2,1,3
RXFP3,3,0,3
RXFP4,3,0,3
SNAP23,3,0,3
SEC16A,3,0,3
HSD11B2,2,1,3
DYNC1H1,3,0,3
UBAP2L,1,2,3
BCKDK,2,1,3
BCL11A,0,3,3
PSMB9,3,0,3
KRT5,3,0,3
GPSM3,1,2,3
ROBO2,2,1,3
ABCB9,3,0,3
IZUMO1,1,2,3
ANAPC5,3,0,3
CENPF,3,0,3
DDHD1,3,0,3
EML4,3,0,3
RING1,1,2,3
COPA,3,0,3
EIF3C,3,0,3
PICALM,1,2,3
PIGF,0,3,3
SMYD2,1,2,3
IL20,0,3,3
TNFSF4,1,2,3
STX7,3,0,3
PDLIM4,3,0,3
ARHGEF5,2,1,3
KCNQ5,3,0,3
TBL1X,0,3,3
SHPRH,1,2,3
RIT1,2,1,3
PNRC2,0,3,3
PODXL,2,1,3
AVEN,2,1,3
HRH4,1,2,3
ORM1,2,1,3
IL26,0,3,3
TBXT,3,0,3
SH3GL1,3,0,3
NGLY1,2,1,3
NMI,1,2,3
DMPK,0,3,3
KCNQ4,3,0,3
PPP2R2D,3,0,3
DHPS,2,1,3
LOX,1,2,3
TRIM41,1,2,3
TRIM58,1,2,3
TRIM71,2,1,3
BTN1A1,0,3,3
PTPRU,1,2,3
NSFL1C,2,1,3
MEST,1,2,3
BTN3A2,2,1,3
BTN3A3,2,1,3
KLHL3,1,2,3
XPO5,3,0,3
WDR83,0,3,3
WIF1,1,2,3
TTR,3,0,3
HNRNPH2,2,1,3
RHOU,2,1,3
JMY,3,0,3
MDGA2,0,3,3
OSTF1,2,1,3
RPA3,3,0,3
SLC26A4,3,0,3
CD52,2,1,3
CHTF18,3,0,3
GJC2,3,0,3
CKB,1,2,3
ARHGEF19,0,3,3
IGF2BP1,0,3,3
ARAP3,1,2,3
ARFGAP1,1,2,3
SIRT4,1,2,3
TAC3,0,3,3
TAC4,0,3,3
CYP27A1,3,0,3
GK,3,0,3
SELENOP,3,0,3
LTB4R2,1,2,3
LTBP1,1,2,3
FUT11,3,0,3
CYC1,3,0,3
KIF1A,3,0,3
POLD4,3,0,3
ZNF267,2,1,3
SARS1,2,1,3
TEAD4,2,1,3
S100A12,1,2,3
ANKRD26,2,1,3
MCRS1,2,1,3
TP53AIP1,2,1,3
PSMB8,2,1,3
PSMC3,0,3,3
ERCC1,3,0,3
IL31RA,1,2,3
HMOX2,1,2,3
GLRX3,1,2,3
GLUD1,2,1,3
ZMYM3,3,0,3
IL37,1,2,3
MOB1A,1,2,3
PCNT,2,1,3
PCSK5,0,3,3
FUNDC1,3,0,3
TTBK2,0,3,3
TGFBI,3,0,3
PMS2,2,1,3
RPS10,3,0,3
RSAD2,3,0,3
ANKRD2,3,0,3
GADD45G,2,1,3
GADD45GIP1,1,2,3
ASIC1,3,0,3
SDHA,2,1,3
SDK1,0,3,3
KDM4A,0,3,3
RGS3,1,2,3
USP19,3,0,3
JAKMIP1,1,2,3
MIB2,1,2,3
MTA2,1,2,3
MTCP1,0,3,3
CCN4,1,2,3
CCN6,1,2,3
PHF1,0,3,3
FRS3,2,1,3
ARHGAP8,1,2,3
ARHGEF10,0,3,3
TRIM32,2,1,3
TRIM37,2,1,3
FLG,3,0,3
CD276,3,0,3
XAF1,0,3,3
KISS1R,1,2,3
EN1,2,1,3
LRIG3,1,2,3
CCL24,0,3,3
E2F5,2,1,3
RPL5,0,3,3
RPN1,2,1,3
PSMA6,1,2,3
GADD45B,2,1,3
ANPEP,2,1,3
PCSK6,0,3,3
PXDN,2,1,3
PPIA,0,3,3
DDX17,1,2,3
IL17RC,3,0,3
RAPGEF4,0,3,3
TTC5,1,2,3
DICER1,3,0,3
TPSAB1,2,1,3
ESM1,3,0,3
TRIM39,2,1,3
SULT1E1,2,1,3
SUN2,2,1,3
TOLLIP,2,1,3
KDM5D,0,3,3
MEP1B,3,0,3
NDUFS4,3,0,3
DHCR24,2,1,3
TP53RK,2,1,3
APOBEC3G,3,0,3
GRIK1,3,0,3
RNASEL,3,0,3
MCM10,1,2,3
TSPAN15,3,0,3
DCBLD2,3,0,3
DENND4A,2,1,3
CBY1,2,1,3
RPRD1B,2,1,3
BRD7,1,2,3
BRDT,2,1,3
SH2D2A,3,0,3
RALGAPA2,2,0,2
SLC6A8,1,1,2
MAPRE3,2,0,2
FCN3,0,2,2
FCAMR,1,1,2
FBXW8,0,2,2
AP1G2,1,1,2
CDC42EP5,0,2,2
DDX41,1,1,2
BRK1,1,1,2
GLMN,1,1,2
TICRR,2,0,2
POLR2B,2,0,2
DCLRE1A,2,0,2
SPRR1B,2,0,2
YTHDC1,2,0,2
PDAP1,1,1,2
SKA3,2,0,2
LMNB2,2,0,2
SAMHD1,2,0,2
CYB5B,1,1,2
ATP7A,1,1,2
CACNA2D3,0,2,2
CACNA2D2,1,1,2
CD7,1,1,2
CD58,0,2,2
ERCC2,1,1,2
ERC1,1,1,2
FBXW5,1,1,2
CD99,0,2,2
ADSL,1,1,2
ATP6V1H,1,1,2
AHCYL2,0,2,2
DSN1,2,0,2
AJUBA,2,0,2
GMFG,2,0,2
CLN8,0,2,2
DNAJC6,1,1,2
FAAP24,0,2,2
DDX1,1,1,2
AZGP1,0,2,2
DDX6,1,1,2
CSDE1,1,1,2
VAMP4,2,0,2
PDCD5,2,0,2
PHF8,2,0,2
POLR2F,2,0,2
UBE2R2,2,0,2
ERH,2,0,2
EEF1B2,2,0,2
TFIP11,2,0,2
RRP12,2,0,2
USP34,2,0,2
SLC39A7,2,0,2
KIF21A,2,0,2
STON1,2,0,2
RTF1,2,0,2
ACP3,1,1,2
ANGPTL1,0,2,2
ANGPT4,1,1,2
CLEC4G,1,1,2
CLEC2D,1,1,2
CLEC1B,1,1,2
ATP6AP1,0,2,2
UBE2B,2,0,2
CATSPER1,2,0,2
RHOH,0,2,2
SLC34A2,1,1,2
PRMT2,0,2,2
CILP,1,1,2
CX3CR1,1,1,2
CD180,1,1,2
CD160,1,1,2
ABCA7,0,2,2
AKAP9,1,1,2
CFHR1,0,2,2
FIG4,1,1,2
ANG,0,2,2
GREM2,2,0,2
XAB2,2,0,2
KLB,2,0,2
CLDN9,2,0,2
MYL6,2,0,2
CEP63,1,1,2
CEP41,1,1,2
CEP192,1,1,2
CEP152,1,1,2
CEP135,0,2,2
ARHGAP40,0,2,2
ARHGAP4,1,1,2
ARHGAP39,0,2,2
ARHGAP29,1,1,2
ABRAXAS1,1,1,2
CENPX,1,1,2
AKR1C1,1,1,2
CDK12,1,1,2
LAMP1,2,0,2
FTO,2,0,2
NABP2,2,0,2
SRP68,2,0,2
HSD3B1,2,0,2
GDA,2,0,2
AQP2,2,0,2
BCAS1,2,0,2
ID4,1,1,2
ARPC2,1,1,2
CENPK,1,1,2
BICD1,1,1,2
CEP76,1,1,2
RAB3IP,2,0,2
TRAT1,2,0,2
SIT1,2,0,2
MED28,2,0,2
RYBP,1,1,2
SCAMP1,2,0,2
TWF1,2,0,2
OTUB2,0,2,2
TRAF7,1,1,2
QKI,2,0,2
SC5D,2,0,2
ADAMTS4,1,1,2
CHAMP1,1,1,2
CHAF1A,1,1,2
CGRRF1,1,1,2
DCAF7,0,2,2
DCAF1,0,2,2
DBNL,1,1,2
ELF2,1,1,2
ELAVL3,0,2,2
MAT2A,2,0,2
OAS1,2,0,2
IFIT1,2,0,2
NEIL2,2,0,2
CNOT3,1,1,2
FOXA3,0,2,2
FNIP2,0,2,2
GJB6,1,1,2
BAP1,0,2,2
CTSH,0,2,2
BMP2K,1,1,2
SPTBN4,2,0,2
NELFE,2,0,2
TRPM1,2,0,2
IL17RB,2,0,2
SLC26A3,2,0,2
HOXB9,2,0,2
CAPZA1,2,0,2
UXT,2,0,2
EED,2,0,2
SSRP1,2,0,2
SCN1B,2,0,2
PUM2,2,0,2
UBN1,2,0,2
PAH,2,0,2
CD1B,1,1,2
ATG4D,1,1,2
CNTRL,1,1,2
CNTNAP1,1,1,2
CNTN6,0,2,2
COPS3,1,1,2
COPS2,0,2,2
BNIP2,1,1,2
BNIP1,1,1,2
EEF1E1,0,2,2
AP3B1,1,1,2
WARS1,2,0,2
SRSF10,2,0,2
CSN1S1,1,1,2
ATG4A,1,1,2
CHRNB3,1,1,2
CHRNB2,1,1,2
CDH9,0,2,2
CDH8,0,2,2
PIGO,2,0,2
CLTCL1,2,0,2
KCNB2,0,2,2
TAF7,1,1,2
WAPL,1,1,2
RAB5B,2,0,2
LARS1,2,0,2
HEYL,2,0,2
ADAM19,2,0,2
SLC6A12,2,0,2
CLIP2,2,0,2
TMEM132A,2,0,2
ARHGAP23,0,2,2
ARHGAP11B,0,2,2
ADK,1,1,2
EIF4H,1,1,2
EIF4E2,1,1,2
DCTN6,1,1,2
EFEMP1,1,1,2
AGR2,2,0,2
PEAR1,2,0,2
DGAT1,2,0,2
SPR,2,0,2
PDE1A,2,0,2
PLPP6,2,0,2
AQP6,2,0,2
CNGA2,2,0,2
H1-0,2,0,2
CDH11,1,1,2
CDH10,1,1,2
CDCP1,1,1,2
CEL,1,1,2
GBX2,2,0,2
DPPA4,2,0,2
MYH6,2,0,2
SRPX,2,0,2
PFDN4,2,0,2
GJA4,2,0,2
TRIM29,2,0,2
JADE3,2,0,2
RHAG,1,1,2
SYTL4,1,1,2
HSPA9,1,1,2
RBM17,2,0,2
EFHC1,1,1,2
FANCG,1,1,2
DGUOK,1,1,2
DIAPH3,1,1,2
FAM162A,1,1,2
FAM13B,0,2,2
FAM13A,1,1,2
CDH16,1,1,2
CDH13,1,1,2
LIMD1,2,0,2
TRPV3,2,0,2
MARS1,2,0,2
LAMP2,2,0,2
SMTN,2,0,2
TAF1A,2,0,2
HYOU1,2,0,2
ITLN1,2,0,2
SDHC,2,0,2
ACTG2,2,0,2
EPGN,0,2,2
DACT1,1,1,2
DACH1,1,1,2
CPN1,0,2,2
PMEL,2,0,2
MAOA,2,0,2
SLC16A1,2,0,2
NUF2,2,0,2
SCP2,2,0,2
ME1,2,0,2
SHMT2,2,0,2
HMGCS2,2,0,2
GLUD2,2,0,2
CDCA3,1,1,2
FBXO7,0,2,2
FBXO6,0,2,2
PGAM2,2,0,2
PCLAF,2,0,2
SHCBP1,2,0,2
MSL3,2,0,2
CCNG2,2,0,2
KPNA1,0,2,2
KNSTRN,1,1,2
KPNB1,1,1,2
KPNA6,0,2,2
KPNA4,0,2,2
GRIA3,1,1,2
ENAM,1,1,2
CBFB,1,1,2
BABAM1,1,1,2
ADAM21,1,1,2
ADAM20,0,2,2
VAPB,2,0,2
SALL1,2,0,2
KPNA3,0,2,2
DEPDC1,2,0,2
MGAT5B,2,0,2
MTA3,2,0,2
ATIC,2,0,2
CYP2J2,2,0,2
CYP51A1,2,0,2
SLITRK4,2,0,2
ACTG1,2,0,2
APBA3,1,1,2
CEACAM7,1,1,2
AMBN,1,1,2
ALX4,1,1,2
ALPP,1,1,2
KIR2DL4,2,0,2
KLRC2,2,0,2
TTLL12,2,0,2
UCK2,2,0,2
NPC1,2,0,2
RASSF2,2,0,2
SLC31A2,2,0,2
GLUL,2,0,2
FBXL17,0,2,2
ACO1,2,0,2
EGR3,1,1,2
CYTL1,1,1,2
CYTH3,0,2,2
CEACAM21,1,1,2
CDKN3,1,1,2
EHD1,1,1,2
SLC4A3,2,0,2
KIF2B,2,0,2
AMD1,2,0,2
LRFN2,2,0,2
TNR,2,0,2
ACHE,2,0,2
TREM1,2,0,2
DEFB104A,2,0,2
NR2E1,2,0,2
MGLL,2,0,2
SERPIND1,2,0,2
RNF115,1,1,2
RND1,1,1,2
PDGFD,0,2,2
MARCHF8,1,1,2
MARCHF1,1,1,2
PDLIM5,2,0,2
CHRNA3,1,1,2
CRBN,0,2,2
SRMS,0,2,2
SRI,1,1,2
FBLN2,0,2,2
TRPS1,1,1,2
FEZF2,1,1,2
FERMT1,1,1,2
PSMF1,2,0,2
CD83,2,0,2
STK26,0,2,2
VCPIP1,1,1,2
STRADB,0,2,2
STON2,0,2,2
STOM,1,1,2
CYP2F1,2,0,2
EPB42,2,0,2
CPEB1,2,0,2
SDHD,2,0,2
CKMT1B,2,0,2
ALAS2,2,0,2
PTGES3,1,1,2
KCNA2,1,1,2
RNF135,1,1,2
CYP24A1,2,0,2
IL17C,0,2,2
GTF2F2,0,2,2
GTF2A2,1,1,2
IMMT,1,1,2
APOO,0,2,2
COL9A3,0,2,2
GCLM,2,0,2
MSL2,0,2,2
MSI2,1,1,2
FTL,2,0,2
WIZ,2,0,2
NCF2,2,0,2
RASGRP2,2,0,2
PDE4C,2,0,2
LARP1,2,0,2
LCMT1,0,2,2
TRH,1,1,2
NAE1,2,0,2
LIMA1,2,0,2
GORASP2,2,0,2
CACNB1,2,0,2
COPS6,2,0,2
COL12A1,2,0,2
SP100,2,0,2
LARP7,1,1,2
LARP4B,1,1,2
SH3BP4,1,1,2
NUDT1,0,2,2
NNMT,2,0,2
UGT1A8,2,0,2
UGT1A10,2,0,2
OGDH,2,0,2
SLC22A8,2,0,2
PLIN2,2,0,2
LRRN3,2,0,2
NEK8,1,1,2
TRAPPC9,0,2,2
NPLOC4,1,1,2
NPFF,0,2,2
NOXO1,1,1,2
CDC26,2,0,2
GARS1,2,0,2
GOT1,2,0,2
C8A,2,0,2
B3GALT5,2,0,2
PTGS1,2,0,2
ACADM,2,0,2
NCBP1,1,1,2
TSLP,0,2,2
ARHGAP11A,1,1,2
GPR55,1,1,2
ELP1,1,1,2
SLC25A20,2,0,2
SLC7A11,2,0,2
ASS1,2,0,2
SOCS6,0,2,2
PIGS,0,2,2
NTNG1,1,1,2
NTN3,0,2,2
LBX1,0,2,2
LAYN,1,1,2
RECQL5,1,1,2
TBCB,2,0,2
MORC2,2,0,2
SERPINB1,2,0,2
NCAN,0,2,2
NBEA,0,2,2
ASPM,1,1,2
STARD13,0,2,2
OTC,2,0,2
COX4I1,2,0,2
GSTA2,2,0,2
CA3,2,0,2
AKR1C3,2,0,2
CYP3A5,2,0,2
ARG2,2,0,2
B4GALT1,2,0,2
ACTN4,2,0,2
SSPN,2,0,2
HNRNPL,2,0,2
MED13,2,0,2
SYBU,1,1,2
DOK5,2,0,2
PACSIN1,2,0,2
HES6,1,1,2
HAS1,1,1,2
HAND2,1,1,2
IFNL3,0,2,2
DNAJB4,1,1,2
DNAJA3,1,1,2
LILRB4,1,1,2
KRT4,2,0,2
SERINC1,2,0,2
HMBS,2,0,2
CST3,2,0,2
CLEC3B,2,0,2
PDIA5,0,2,2
LSAMP,0,2,2
LRSAM1,1,1,2
OTUD5,1,1,2
NEB,1,1,2
PDK3,0,2,2
GFRA4,2,0,2
CD1C,2,0,2
KRT10,2,0,2
IVL,2,0,2
PRDM14,1,1,2
TMBIM6,2,0,2
ACTN3,2,0,2
UQCRC1,2,0,2
REV1,1,1,2
EBI3,0,2,2
E2F7,0,2,2
IL31,0,2,2
DOK3,1,1,2
CNBP,1,1,2
MELTF,0,2,2
PLA2G10,1,1,2
SLC6A6,2,0,2
PSME1,2,0,2
NDUFS8,2,0,2
ATP5PO,2,0,2
CPT2,2,0,2
ACADSB,2,0,2
SLC1A1,2,0,2
PDCD10,2,0,2
GIT2,2,0,2
IL22RA2,1,1,2
MCF2L,0,2,2
NIN,1,1,2
SMPD1,2,0,2
UBA3,0,2,2
DHCR7,2,0,2
CLIC5,2,0,2
SEMA3D,0,2,2
LAPTM5,2,0,2
WAC,1,1,2
KCNJ15,2,0,2
PTP4A2,1,1,2
TANC2,1,1,2
NSD3,0,2,2
WSB1,1,1,2
WRAP53,1,1,2
VDAC2,1,1,2
SRGAP2,0,2,2
SRD5A1,1,1,2
TCTN2,2,0,2
DMP1,0,2,2
COL21A1,0,2,2
COL16A1,1,1,2
GRID2,2,0,2
SPX,0,2,2
SLCO1B1,2,0,2
ABCB11,2,0,2
UGT2B15,2,0,2
GPT,2,0,2
IL18R1,2,0,2
NR6A1,2,0,2
MYBL1,2,0,2
PHF21A,1,1,2
VEZF1,0,2,2
REPS2,1,1,2
KATNB1,1,1,2
KAT6B,1,1,2
THOC2,2,0,2
KLK4,2,0,2
TRAP1,2,0,2
ARHGEF18,1,1,2
PIMREG,1,1,2
HNRNPF,2,0,2
HNRNPDL,2,0,2
PELI2,1,1,2
PSG5,0,2,2
PSG4,0,2,2
OSBPL3,1,1,2
KCTD15,2,0,2
RNPS1,2,0,2
TEAD3,2,0,2
TEAD2,2,0,2
SLC11A2,2,0,2
SRY,2,0,2
SARM1,1,1,2
HCRT,0,2,2
RBM4,2,0,2
SNAPC4,2,0,2
SLC4A10,2,0,2
ODF2,2,0,2
PRG2,1,1,2
SERTAD1,0,2,2
SERPINF2,0,2,2
RLN1,0,2,2
NUDT11,2,0,2
NCKIPSD,2,0,2
AP2B1,2,0,2
BAIAP2L1,2,0,2
KMT5C,0,2,2
NOSIP,0,2,2
NONO,1,1,2
PIGG,1,1,2
PPFIA3,2,0,2
TRIM26,1,1,2
TRIM17,1,1,2
TRIM11,1,1,2
PRSS1,1,1,2
TRIM31,1,1,2
INPP5J,1,1,2
INPP4B,0,2,2
TNFSF8,1,1,2
PANX1,2,0,2
NAPG,2,0,2
NDUFV2,2,0,2
HCN4,2,0,2
MNAT1,1,1,2
LIN7B,0,2,2
KMT2C,1,1,2
MAGI3,0,2,2
HCN2,2,0,2
SYNJ2,2,0,2
ABLIM2,2,0,2
CSTF2T,2,0,2
ANAPC2,2,0,2
AFF1,2,0,2
SRSF3,1,1,2
GH2,1,1,2
STIL,1,1,2
USP15,0,2,2
PATJ,0,2,2
PARP2,1,1,2
SCGB3A1,0,2,2
SCD5,1,1,2
ABCG5,2,0,2
ELOVL6,2,0,2
VAMP7,2,0,2
PKP3,2,0,2
CLEC4M,2,0,2
HIBADH,2,0,2
PCMT1,2,0,2
OAT,2,0,2
ECHS1,2,0,2
MSC,1,1,2
ZNF224,1,1,2
GRM2,1,1,2
CA2,1,1,2
CALU,1,1,2
CALB1,1,1,2
ITIH2,1,1,2
MTUS1,0,2,2
ABCG8,2,0,2
SMARCD1,2,0,2
TUBA4B,2,0,2
EVC2,2,0,2
CYP11B1,2,0,2
CYP11B2,2,0,2
ANTXR1,2,0,2
PROKR2,2,0,2
ATP6AP2,2,0,2
NELL2,1,1,2
QRFP,0,2,2
PYHIN1,0,2,2
NEURL1,1,1,2
CCBE1,2,0,2
PON1,2,0,2
ARG1,2,0,2
PRF1,2,0,2
L3MBTL1,1,1,2
KANK1,1,1,2
GPX2,2,0,2
MTMR2,2,0,2
RNF144A,1,1,2
RNF14,1,1,2
RNF182,1,1,2
RNF152,1,1,2
TMOD1,1,1,2
MARK4,1,1,2
ZFYVE16,2,0,2
GSTA1,2,0,2
ANXA5,2,0,2
OSCAR,2,0,2
TSPOAP1,0,2,2
TSPO2,0,2,2
STRN,0,2,2
MT3,0,2,2
PRDX6,2,0,2
CLEC4A,2,0,2
TFR2,2,0,2
TRPC7,2,0,2
POSTN,1,1,2
PON2,1,1,2
RPL23,0,2,2
HOXD13,0,2,2
PI4K2A,1,1,2
PI3,1,1,2
PAPPA,1,1,2
HIPK1,0,2,2
KCND1,2,0,2
SEC23A,2,0,2
PSMB4,2,0,2
CHRNB1,2,0,2
FXR1,2,0,2
SERBP1,2,0,2
IER2,2,0,2
UGT1A4,2,0,2
LMO4,0,2,2
SFTPA2,1,1,2
ANKH,2,0,2
RAB33B,1,1,2
SIN3B,1,1,2
SIM2,1,1,2
SIKE1,1,1,2
HOXC13,1,1,2
RBBP4,1,1,2
MEFV,2,0,2
SLC19A3,2,0,2
SLC19A1,2,0,2
LDHC,2,0,2
PADI3,2,0,2
SLU7,2,0,2
SLC5A8,2,0,2
SOD3,2,0,2
HYAL1,2,0,2
CACNA1G,2,0,2
DPYD,2,0,2
B4GALT3,2,0,2
OMD,2,0,2
BCAN,0,2,2
SIK3,1,1,2
SIGMAR1,1,1,2
NGEF,1,1,2
TNIP2,2,0,2
SPNS1,0,2,2
KCTD13,1,1,2
NR1D2,1,1,2
TCEA1,1,1,2
PLCB4,0,2,2
TUBA3E,2,0,2
CNN3,2,0,2
IPO5,0,2,2
HPX,0,2,2
HPSE2,1,1,2
HPSE,1,1,2
HOXD9,1,1,2
TUFM,1,1,2
TUBA3C,2,0,2
TUBA8,2,0,2
ZC3H12A,0,2,2
MNX1,2,0,2
MEOX1,2,0,2
NDUFA8,2,0,2
NAGLU,2,0,2
UMOD,1,1,2
NFKBIZ,0,2,2
NFE2L3,0,2,2
EIF5A,1,1,2
MED23,0,2,2
INTS4,0,2,2
PROZ,2,0,2
ATP6V0E1,2,0,2
ACOT2,2,0,2
HEXA,2,0,2
CTSA,2,0,2
TMED5,1,1,2
PTGDS,2,0,2
SLC1A6,2,0,2
CST4,2,0,2
KIF5C,1,1,2
CDC42EP1,2,0,2
C2,2,0,2
UTRN,2,0,2
RAB11FIP1,2,0,2
LCTL,2,0,2
IL36B,0,2,2
IL36A,0,2,2
NUPR1,1,1,2
MAP7,1,1,2
HNRNPM,2,0,2
PLCL1,2,0,2
MYOM2,2,0,2
PLD3,1,1,2
TPH2,2,0,2
IQGAP2,2,0,2
WNK2,0,2,2
WLS,1,1,2
WIPI2,1,1,2
SDK2,1,1,2
TSPAN7,1,1,2
TSPAN5,1,1,2
CA9,2,0,2
ELOA,2,0,2
SFTPC,2,0,2
ECD,1,1,2
GPHA2,0,2,2
IL34,0,2,2
IL33,1,1,2
DYNLL2,0,2,2
RTN4RL1,2,0,2
ACADVL,2,0,2
AMOTL1,2,0,2
INA,2,0,2
MAGED2,2,0,2
PPM1E,0,2,2
MADD,1,1,2
ITPR2,1,1,2
PEX1,1,1,2
MAF1,1,1,2
HRK,0,2,2
ARHGEF9,1,1,2
ITPRIPL1,1,1,2
ITPR3,0,2,2
ATP6V1A,2,0,2
COX7C,2,0,2
ATP2C1,2,0,2
STX5,1,1,2
SELENOS,0,2,2
KCNK18,2,0,2
SLC18A3,2,0,2
PFKFB1,2,0,2
IRAG1,2,0,2
CRIP2,2,0,2
AURKC,2,0,2
TUBGCP6,2,0,2
POLL,2,0,2
SVIL,2,0,2
THBS4,0,2,2
THBS3,0,2,2
PPP2R2C,1,1,2
RAB3C,2,0,2
PEX13,2,0,2
GPR39,2,0,2
GHRHR,2,0,2
EEA1,2,0,2
ABCC8,2,0,2
STXBP2,1,1,2
GMCL1,2,0,2
ATXN2,2,0,2
CTH,2,0,2
POLR1H,0,2,2
HYAL2,0,2,2
HOXB4,1,1,2
UBXN1,1,1,2
GPAA1,1,1,2
MTMR4,0,2,2
SYCP3,2,0,2
RINT1,2,0,2
PCGF2,1,1,2
TOR1AIP1,1,1,2
TOR1A,1,1,2
TAF10,1,1,2
HOMER1,0,2,2
UGT1A9,2,0,2
NPBWR2,2,0,2
HDAC8,1,1,2
ICMT,0,2,2
SH3PXD2A,1,1,2
GSTM2,1,1,2
ALDH6A1,2,0,2
FMO1,2,0,2
CYP8B1,2,0,2
PDZK1,1,1,2
MAT1A,0,2,2
MAST3,0,2,2
MAST2,1,1,2
ACOT13,2,0,2
GAMT,2,0,2
CHRNA4,2,0,2
ATP2A1,2,0,2
MX1,1,1,2
MVP,0,2,2
GDI1,1,1,2
CKAP4,2,0,2
MOGS,2,0,2
IGFBP2,2,0,2
GPIHBP1,2,0,2
PDXP,0,2,2
POGLUT1,0,2,2
PODXL2,1,1,2
PNRC1,1,1,2
PSMD11,2,0,2
MGAT4B,2,0,2
CEP131,2,0,2
PADI4,1,1,2
SPATA13,1,1,2
MYOM1,1,1,2
MYO6,1,1,2
ORC2,2,0,2
ASB8,2,0,2
IFITM1,1,1,2
GAN,0,2,2
IFNA6,0,2,2
IFNA21,0,2,2
IFNA17,0,2,2
IFNA16,0,2,2
ERCC6L,2,0,2
PPP2R1B,0,2,2
TAX1BP3,0,2,2
SV2A,1,1,2
SAG,1,1,2
SAFB,1,1,2
KCNJ3,2,0,2
HOXC4,2,0,2
TP53I3,2,0,2
SDHB,2,0,2
HECW2,1,1,2
HECTD2,1,1,2
HECTD1,1,1,2
TONSL,0,2,2
RAG2,1,1,2
RAG1,1,1,2
DYNC1I2,2,0,2
H2AJ,2,0,2
H2AC7,2,0,2
H2AC21,2,0,2
H2AC14,2,0,2
H2AC12,2,0,2
H2AC1,2,0,2
H2AB1,2,0,2
H2BC9,2,0,2
RAD51C,1,1,2
RAD51AP1,1,1,2
RAD1,1,1,2
H2BC15,2,0,2
H2BS1,2,0,2
RNF103,2,0,2
CCNB1IP1,2,0,2
ARIH2,2,0,2
H2BC12,2,0,2
H2AZ2,2,0,2
ARFIP1,2,0,2
RNF6,1,1,2
RNF34,1,1,2
KLF14,0,2,2
KCTD11,0,2,2
TCL1B,0,2,2
AQP9,2,0,2
PCGF6,2,0,2
DGKG,2,0,2
UGT1A7,2,0,2
SLC29A1,2,0,2
DBI,2,0,2
HNRNPUL1,2,0,2
RGS10,2,0,2
RIMBP2,0,2,2
GPX4,1,1,2
SCYL1,1,1,2
SCUBE2,1,1,2
ZBTB4,1,1,2
AP2A1,2,0,2
NSMCE1,2,0,2
STARD3NL,2,0,2
TFAP2D,1,1,2
LOXL2,1,1,2
PAX1,0,2,2
RABGEF1,1,1,2
PCBD1,0,2,2
XCL1,0,2,2
SCO2,1,1,2
SP2,0,2,2
SOX8,1,1,2
RAB23,0,2,2
PLEK,2,0,2
TRIM3,2,0,2
PTDSS1,0,2,2
PTCHD1,0,2,2
MLLT3,1,1,2
KCNK9,2,0,2
PFKL,2,0,2
SLC39A8,2,0,2
GPSM2,2,0,2
SPRED1,1,1,2
SPON1,0,2,2
SLC6A9,2,0,2
TNNI2,2,0,2
PACSIN2,2,0,2
GNMT,2,0,2
ITPKB,2,0,2
DGKD,2,0,2
PRODH,2,0,2
MYO18A,2,0,2
C1D,0,2,2
IL11RA,1,1,2
DOCK8,1,1,2
DTNB,2,0,2
ASIC3,2,0,2
TP53INP2,0,2,2
SAV1,1,1,2
UBE2G2,0,2,2
TPD52L1,1,1,2
TPBG,1,1,2
STARD8,0,2,2
MYO10,1,1,2
CRYBA4,2,0,2
ATP5F1C,2,0,2
FMNL2,2,0,2
DHX36,2,0,2
HERC5,1,1,2
MAGI1,1,1,2
MOV10,0,2,2
SURF1,2,0,2
HSPA6,2,0,2
UTS2B,0,2,2
UPF3B,1,1,2
RAET1L,1,1,2
RAET1G,1,1,2
RAET1E,1,1,2
RAD54L,1,1,2
GUCY2D,0,2,2
CHMP4C,2,0,2
MRAS,2,0,2
GPC5,2,0,2
UBB,2,0,2
TLX2,2,0,2
PLAAT4,2,0,2
HOOK3,0,2,2
GSC,1,1,2
GRM8,1,1,2
HOXA4,2,0,2
GPRC5A,2,0,2
P2RX7,1,1,2
OTX1,1,1,2
RNF220,1,1,2
PLAC8,1,1,2
PLAAT3,0,2,2
SEPTIN4,1,1,2
S100A2,2,0,2
SH2D1A,2,0,2
BCL2L14,2,0,2
ARID3A,2,0,2
RNF25,1,1,2
HRC,1,1,2
TRIP13,1,1,2
EDC3,2,0,2
RPS6KA6,1,1,2
PKP1,1,0,1
USP17L2,0,1,1
FANCE,1,0,1
OLIG2,1,0,1
MED12,1,0,1
ACTA1,1,0,1
FABP6,1,0,1
SLC10A2,1,0,1
SLC45A2,1,0,1
REC8,1,0,1
MIS18A,1,0,1
DIAPH2,1,0,1
PHLDA1,1,0,1
TIFA,1,0,1
SPIN1,1,0,1
HAUS8,1,0,1
AURKAIP1,1,0,1
CASP14,1,0,1
IFITM3,1,0,1
VPS16,1,0,1
GEMIN6,1,0,1
GEMIN4,1,0,1
ITM2C,1,0,1
YIF1A,1,0,1
RPS27L,1,0,1
P4HA2,1,0,1
HR,1,0,1
GML,1,0,1
NAB1,0,1,1
NAA10,0,1,1
LAIR2,0,1,1
MPP1,0,1,1
CRYZ,1,0,1
ASCC3,1,0,1
SLC7A5,0,1,1
LONP1,1,0,1
TBC1D7,1,0,1
PHF20,1,0,1
PIK3R6,1,0,1
SYTL1,1,0,1
HOXA2,1,0,1
POLI,1,0,1
AIFM2,1,0,1
CDC45,1,0,1
HOXB5,1,0,1
GRPEL1,0,1,1
HOXD4,1,0,1
TRIAP1,1,0,1
UBD,1,0,1
P2RX6,1,0,1
SCN3B,1,0,1
STEAP3,1,0,1
OTUD7A,0,1,1
SLC38A2,1,0,1
PCBP4,1,0,1
TIGAR,1,0,1
STX11,1,0,1
UGGT2,1,0,1
MCM8,1,0,1
ST3GAL4,1,0,1
NCR3LG1,0,1,1
NCOA7,0,1,1
MAGEC2,0,1,1
ST3GAL3,1,0,1
ST3GAL1,1,0,1
SHMT1,1,0,1
CS,1,0,1
GPC2,1,0,1
VAC14,0,1,1
UTS2,0,1,1
UPF2,0,1,1
RAE1,0,1,1
RIOX2,1,0,1
DHODH,1,0,1
FUT3,1,0,1
IKZF4,0,1,1
DOCK4,0,1,1
DOCK3,0,1,1
BEGAIN,0,1,1
WDR59,1,0,1
TRIM10,1,0,1
UNKL,1,0,1
TRIM4,1,0,1
SBF1,0,1,1
UBE2E2,0,1,1
UBE2E1,0,1,1
BATF,1,0,1
CYP26A1,1,0,1
RGS7,1,0,1
PCDHA6,0,1,1
PCDHA4,0,1,1
PCDH9,0,1,1
PCDH10,0,1,1
PLEKHG5,0,1,1
PLEKHG4B,0,1,1
PLEKHG4,0,1,1
PLEKHG3,0,1,1
PITPNA,1,0,1
TNNT3,1,0,1
RAB37,1,0,1
NMNAT1,1,0,1
GPR15,1,0,1
CALY,1,0,1
DGKZ,1,0,1
TRIM36,1,0,1
TRIM35,1,0,1
TRIM15,1,0,1
VPS41,1,0,1
TRIM72,1,0,1
TRIM69,1,0,1
TRIM68,1,0,1
TRIM67,1,0,1
NCKAP1,0,1,1
MLLT11,0,1,1
TRIM56,1,0,1
TRIM50,1,0,1
STXBP3,1,0,1
PITPNC1,1,0,1
PITPNB,1,0,1
JPH2,1,0,1
PHRF1,1,0,1
PHF7,1,0,1
LTN1,1,0,1
TRAIP,1,0,1
UBOX5,1,0,1
UBE4A,1,0,1
UBE3C,1,0,1
UBE3B,1,0,1
RNF224,1,0,1
RNF217,1,0,1
RNF213,1,0,1
RNF186,1,0,1
LOXL3,0,1,1
PATZ1,0,1,1
NUDT3,0,1,1
XCL2,0,1,1
GHITM,0,1,1
RAB5C,0,1,1
LTA4H,1,0,1
TRAPPC2,0,1,1
PF4V1,0,1,1
RORB,0,1,1
PRKAG2,0,1,1
TRPC4AP,0,1,1
PDE2A,0,1,1
PDCD6,0,1,1
RPAP2,0,1,1
DNAJC13,1,0,1
ALG2,1,0,1
TRIM48,1,0,1
TRIM46,1,0,1
TRIM45,1,0,1
RNFT2,1,0,1
KCMF1,1,0,1
PEX10,1,0,1
MARCHF6,1,0,1
MARCHF4,1,0,1
MARCHF2,1,0,1
MARCHF10,1,0,1
RNF130,1,0,1
RNF114,1,0,1
YKT6,1,0,1
LLGL2,1,0,1
LLGL1,1,0,1
MIIP,1,0,1
HVCN1,1,0,1
PEX3,0,1,1
PEX26,0,1,1
MEX3C,1,0,1
MEX3A,1,0,1
DCST1,1,0,1
H2BC1,1,0,1
PTRH2,1,0,1
ATP7B,1,0,1
TCN2,0,1,1
TCN1,0,1,1
TCF7L1,0,1,1
ERAL1,1,0,1
RNF181,1,0,1
RNF150,1,0,1
RNF141,1,0,1
LONRF1,1,0,1
TMEM129,1,0,1
PCGF5,1,0,1
PARG,0,1,1
SLA2,0,1,1
GALM,1,0,1
DLD,1,0,1
CLDN17,1,0,1
H2BC4,1,0,1
RNF113B,1,0,1
PPCDC,1,0,1
NEURL1B,1,0,1
HERC6,1,0,1
HERC4,1,0,1
HERC3,1,0,1
MKRN3,1,0,1
IHO1,1,0,1
HERC1,1,0,1
HECW1,1,0,1
G2E3,1,0,1
TSPAN13,1,0,1
APCDD1,1,0,1
SLC12A7,1,0,1
SLC12A5,1,0,1
SLC12A4,1,0,1
PCF11,1,0,1
LAMTOR1,1,0,1
PSMB1,1,0,1
PSMC2,1,0,1
PSMD7,1,0,1
CSTF2,1,0,1
CSTF1,1,0,1
SAP18,1,0,1
SPSB2,0,1,1
PARL,0,1,1
GAR1,0,1,1
IKZF2,0,1,1
TRAK2,1,0,1
CIR1,1,0,1
PINX1,1,0,1
RUVBL1,1,0,1
CIP2A,1,0,1
CENPU,1,0,1
CENPQ,1,0,1
PHF6,0,1,1
SVIP,0,1,1
SVEP1,0,1,1
S1PR4,1,0,1
DTX3,1,0,1
DTX2,1,0,1
CBLL2,1,0,1
PDPN,0,1,1
RIOK3,0,1,1
PFKFB4,0,1,1
AEBP2,1,0,1
MYH11,1,0,1
RIOK2,1,0,1
PAF1,0,1,1
RPGRIP1L,0,1,1
MYO9A,0,1,1
PAFAH1B2,0,1,1
SUGT1,1,0,1
SYT2,1,0,1
NAV2,1,0,1
SPDL1,1,0,1
UBE2V2,1,0,1
DDAH2,1,0,1
STRA6,1,0,1
CHRNB4,1,0,1
CHRNA9,1,0,1
PPP2R3B,1,0,1
PRKAG3,1,0,1
DENND3,1,0,1
FLOT2,1,0,1
SEC31A,1,0,1
POLQ,1,0,1
CYGB,1,0,1
SUPT16H,1,0,1
DNASE1L3,1,0,1
CHD1L,1,0,1
NANOS2,1,0,1
SLAMF6,0,1,1
PRKCSH,0,1,1
GPR83,1,0,1
MXRA8,0,1,1
NKX2-3,0,1,1
NKIRAS2,0,1,1
NKIRAS1,0,1,1
GSTO1,0,1,1
NPSR1,1,0,1
KRT15,1,0,1
HSD17B10,1,0,1
BPHL,1,0,1
EPHX2,1,0,1
MAST1,0,1,1
PDZD11,0,1,1
MAT2B,0,1,1
RBFOX1,1,0,1
GPRIN1,1,0,1
PPRC1,0,1,1
MTMR3,0,1,1
FAM126B,0,1,1
UCHL1,0,1,1
UBR4,0,1,1
RAP1GAP2,1,0,1
UBR2,0,1,1
UBIAD1,0,1,1
RHOXF1,0,1,1
HOOK2,0,1,1
HOMER2,0,1,1
UGT1A6,1,0,1
SLC22A1,1,0,1
EFHD1,1,0,1
MAGT1,1,0,1
ABCB4,1,0,1
THEM4,0,1,1
TGOLN2,0,1,1
TIAM2,0,1,1
TIA1,0,1,1
HAUS6,0,1,1
PHC2,1,0,1
RAB2B,1,0,1
PEX19,1,0,1
PEX7,1,0,1
STYX,0,1,1
TET3,0,1,1
PMPCB,0,1,1
SLC1A5,1,0,1
MRC2,1,0,1
SYT11,1,0,1
PPT1,0,1,1
ACSS2,1,0,1
HOXB2,1,0,1
PPM1K,0,1,1
MAGEA3,0,1,1
HSBP1,0,1,1
MANF,1,0,1
IDH3A,1,0,1
CRABP1,1,0,1
RPS12,1,0,1
UBE2O,0,1,1
UBE2K,0,1,1
PYDC1,0,1,1
TNRC6B,0,1,1
SEM1,0,1,1
SELENOF,0,1,1
SLC17A7,1,0,1
CKS2,0,1,1
GPHB5,0,1,1
DYNLT1,0,1,1
BAALC,1,0,1
ARPP21,1,0,1
GJA8,1,0,1
APOBEC3B,1,0,1
DDX25,1,0,1
CHKB,1,0,1
CHCHD3,1,0,1
FCER1G,1,0,1
UCP3,1,0,1
RASAL2,1,0,1
STBD1,1,0,1
PAQR3,1,0,1
GSR,1,0,1
PLEKHG1,0,1,1
KCNJ5,1,0,1
KCNJ2,1,0,1
KCNJ12,1,0,1
SLC8B1,1,0,1
RGS18,1,0,1
KCNA4,1,0,1
PDE8A,1,0,1
DYNLRB1,1,0,1
AQP5,1,0,1
SDHAF2,0,1,1
SDF2L1,0,1,1
EFTUD2,1,0,1
PRDX4,1,0,1
CITED4,0,1,1
MEPE,0,1,1
PDE11A,1,0,1
RAB11FIP2,1,0,1
ATP6V0C,1,0,1
RPL7A,0,1,1
SMYD3,0,1,1
RRAGA,1,0,1
SLC44A2,1,0,1
POLRMT,1,0,1
PDE10A,1,0,1
SEC14L2,1,0,1
THOP1,1,0,1
LAMTOR4,1,0,1
KCNN2,1,0,1
PSMC5,1,0,1
KDELR1,1,0,1
USP45,0,1,1
N4BP1,0,1,1
MYSM1,0,1,1
MYRIP,0,1,1
ORC3,0,1,1
XPOT,1,0,1
PCP4,1,0,1
PCP2,1,0,1
WDR33,1,0,1
TRAPPC8,1,0,1
USP32,1,0,1
SNRNP200,1,0,1
GOLGA4,1,0,1
KIF5A,0,1,1
RBP4,0,1,1
AGO4,1,0,1
TRPA1,1,0,1
GALNS,1,0,1
NRBP1,0,1,1
ELAVL2,0,1,1
PNPLA3,0,1,1
SOX1,0,1,1
SOHLH2,0,1,1
MACC1,0,1,1
LYPLA2,0,1,1
S100P,1,0,1
MKKS,1,0,1
CAPZB,1,0,1
BLOC1S3,1,0,1
ANKFY1,1,0,1
ATP6V0D2,1,0,1
GAA,1,0,1
ST8SIA2,1,0,1
KLHL2,0,1,1
KLHL18,0,1,1
S100A13,1,0,1
SLC3A1,1,0,1
MAB21L1,1,0,1
NDUFA13,1,0,1
NDUFA1,1,0,1
SACM1L,1,0,1
SGSH,1,0,1
GNS,1,0,1
NDUFB10,1,0,1
NDUFAF2,1,0,1
MTM1,1,0,1
ULBP1,0,1,1
GOLPH3L,1,0,1
HPS4,1,0,1
PFN2,1,0,1
IPO8,0,1,1
IPO7,0,1,1
INTS6,0,1,1
HPN,0,1,1
HPGDS,0,1,1
TULP3,0,1,1
TNFRSF4,1,0,1
TNFRSF18,1,0,1
TUBD1,1,0,1
TUBB6,1,0,1
TUBB4B,1,0,1
TUBB4A,1,0,1
TUBB2A,1,0,1
KLHL21,0,1,1
KLHL20,0,1,1
LTBP3,0,1,1
LTBP2,0,1,1
NINJ1,0,1,1
PGLYRP1,0,1,1
MYH14,1,0,1
SALL2,1,0,1
IDI1,1,0,1
PRAME,1,0,1
COL11A2,1,0,1
PRKRA,0,1,1
SPINT1,0,1,1
SETD1A,0,1,1
NPTX2,0,1,1
NR2C2AP,0,1,1
KLHL13,0,1,1
KLHL12,0,1,1
ADAMTS2,1,0,1
CNIH1,1,0,1
SIL1,0,1,1
IST1,0,1,1
SEC16B,1,0,1
MUC6,1,0,1
ARHGAP18,1,0,1
SLC22A18,1,0,1
SLC25A1,1,0,1
GGH,1,0,1
SLC47A1,1,0,1
GCNT1,1,0,1
MGST1,1,0,1
MYH3,1,0,1
KIF21B,1,0,1
VASN,1,0,1
ACTL6A,0,1,1
HPD,1,0,1
PORCN,0,1,1
RPL22,0,1,1
HOXD1,0,1,1
HTR5A,1,0,1
PGM2,1,0,1
RBM3,1,0,1
ARFGAP3,1,0,1
SDS,1,0,1
AOC3,1,0,1
FADS2,1,0,1
LMO1,0,1,1
RPS19BP1,0,1,1
UGCG,1,0,1
DPT,1,0,1
MMP28,0,1,1
MMP27,0,1,1
MT1A,1,0,1
GCA,1,0,1
MYL6B,1,0,1
IFT88,1,0,1
SYNE3,1,0,1
HSD17B1,1,0,1
PLRG1,0,1,1
PLPPR1,0,1,1
TMF1,0,1,1
TAF11,1,0,1
CHMP2A,1,0,1
GGA3,1,0,1
TTF2,0,1,1
MTCH2,0,1,1
VANGL2,1,0,1
CITED1,1,0,1
RSL1D1,0,1,1
MUC7,0,1,1
JAZF1,0,1,1
FOXN4,0,1,1
FOXN3,0,1,1
LYVE1,1,0,1
SQLE,1,0,1
UNC79,1,0,1
NALCN,1,0,1
CHI3L1,1,0,1
CLEC7A,1,0,1
MMP17,0,1,1
SF3B4,0,1,1
LACRT,0,1,1
ZNF197,0,1,1
GRM6,0,1,1
ITM2B,0,1,1
MUC12,0,1,1
RAB3GAP1,0,1,1
RAB39B,0,1,1
ERO1B,0,1,1
RPS5,1,0,1
IMP4,1,0,1
IMP3,1,0,1
UCKL1,1,0,1
SRPK3,1,0,1
ASF1B,1,0,1
GNAT2,1,0,1
EVC,1,0,1
RASA3,1,0,1
HACD4,0,1,1
HACD3,0,1,1
HACD2,0,1,1
HACD1,0,1,1
PTTG1IP,1,0,1
RASA2,0,1,1
PGLS,1,0,1
NDUFS3,1,0,1
ECI1,1,0,1
CAPG,1,0,1
ERLIN2,1,0,1
CALB2,1,0,1
ADI1,1,0,1
AASDHPPT,1,0,1
GYPC,1,0,1
UTP3,1,0,1
GUCY1B1,1,0,1
CAMTA1,0,1,1
LIPC,0,1,1
LIN7A,0,1,1
RAB34,1,0,1
DPYSL5,1,0,1
GGNBP2,0,1,1
STT3A,0,1,1
SCGB3A2,0,1,1
WBP2,1,0,1
HINT1,1,0,1
PDCD6IP,1,0,1
FRAT2,0,1,1
SSH2,0,1,1
SSBP1,0,1,1
SS18L1,0,1,1
GLRB,1,0,1
MFAP5,0,1,1
CA12,0,1,1
NOP10,0,1,1
PIGA,0,1,1
FXN,1,0,1
CELF2,1,0,1
TTF1,1,0,1
HELZ,1,0,1
BCL2L12,1,0,1
PKIB,0,1,1
PRSS2,0,1,1
TNFSF18,0,1,1
PRSS3,0,1,1
PRSS21,0,1,1
PLEKHG2,1,0,1
ARHGAP44,0,1,1
HUS1,0,1,1
HUNK,0,1,1
EMX1,0,1,1
HCFC1,0,1,1
SLC29A4,1,0,1
UBE2H,1,0,1
RGS6,0,1,1
RGS4,0,1,1
SECTM1,0,1,1
TLE2,0,1,1
KCNIP4,0,1,1
SERPINE2,0,1,1
TPST1,0,1,1
TPSG1,0,1,1
DGKA,1,0,1
ARHGEF26,0,1,1
PIGU,0,1,1
WFS1,0,1,1
WDR48,0,1,1
WDR45B,0,1,1
TMEM67,1,0,1
PEG3,0,1,1
PSG6,0,1,1
RFX3,0,1,1
RFNG,0,1,1
SEC23IP,0,1,1
KHK,0,1,1
KDM7A,0,1,1
VPS4A,0,1,1
ARHGAP9,0,1,1
ARHGAP6,0,1,1
CC2D2A,1,0,1
B9D1,1,0,1
CLCN5,1,0,1
POLR2L,1,0,1
BTG3,0,1,1
COL14A1,0,1,1
KLK1,0,1,1
KLHL9,0,1,1
IL18RAP,1,0,1
MYCL,1,0,1
PRB4,1,0,1
RHOT1,1,0,1
LETM1,1,0,1
MAN2A1,0,1,1
ARHGEF3,0,1,1
ARHGEF28,0,1,1
POU4F2,0,1,1
GPR26,0,1,1
ZFP91,0,1,1
HOXB3,1,0,1
KCNJ10,1,0,1
TMEM219,1,0,1
C1QC,1,0,1
SIGLEC12,1,0,1
TMEFF2,1,0,1
PTPMT1,0,1,1
PSMG1,0,1,1
SRGAP1,0,1,1
SRA1,0,1,1
TMEM216,1,0,1
TCTN3,1,0,1
MKS1,1,0,1
AOX1,1,0,1
CLDN18,1,0,1
ALDH3B1,1,0,1
LEAP2,0,1,1
SEMA4F,0,1,1
ABCC4,1,0,1
ABCA8,1,0,1
FAM189A2,1,0,1
GSTM1,1,0,1
NRN1,1,0,1
GFRAL,1,0,1
EDC4,1,0,1
DNMT3L,1,0,1
CD300LG,1,0,1
HSD17B4,1,0,1
VPS35,1,0,1
PAPSS2,1,0,1
NAPSA,1,0,1
STAB2,1,0,1
SCARA5,1,0,1
USP25,1,0,1
EOMES,1,0,1
IL27,0,1,1
IL25,0,1,1
NID2,0,1,1
NHP2,0,1,1
ST3GAL6,1,0,1
MLPH,1,0,1
IMPA2,1,0,1
MALL,1,0,1
LSS,1,0,1
ARL4C,1,0,1
ECH1,1,0,1
ATP5PD,1,0,1
COQ9,1,0,1
COQ8A,1,0,1
ALDH4A1,1,0,1
ATP5MG,1,0,1
ERMN,1,0,1
WWC3,1,0,1
TST,1,0,1
SPTSSA,1,0,1
LPCAT1,1,0,1
TM7SF2,1,0,1
TMEM97,1,0,1
LAMP3,1,0,1
RAB27A,1,0,1
GPX3,1,0,1
EAF1,0,1,1
HDAC11,0,1,1
HDAC10,0,1,1
FOXQ1,0,1,1
NYX,0,1,1
SERPINH1,1,0,1
SLCO1A2,1,0,1
SLC25A11,1,0,1
PDHB,1,0,1
NNT,1,0,1
PPA2,1,0,1
MMUT,1,0,1
NDUFS1,1,0,1
NDUFB11,1,0,1
MPST,1,0,1
HADH,1,0,1
PRCP,0,1,1
PRCC,0,1,1
TRO,1,0,1
DAD1,1,0,1
CECR2,1,0,1
ABCA3,1,0,1
ADGRL2,1,0,1
UQCRQ,1,0,1
UQCRH,1,0,1
UQCRFS1,1,0,1
NDUFAB1,1,0,1
NDUFA6,1,0,1
SPINK1,0,1,1
NDUFA3,1,0,1
NDUFA10,1,0,1
SLC25A12,1,0,1
BCHE,1,0,1
FUT4,1,0,1
LMAN2,0,1,1
LMAN1,0,1,1
NSMCE3,0,1,1
CELSR2,1,0,1
GPR25,1,0,1
DOK6,1,0,1
ITGBL1,1,0,1
ARL3,1,0,1
ARL2,1,0,1
DHRS9,1,0,1
CSTA,1,0,1
ALOX5AP,1,0,1
ACSM3,1,0,1
TGM1,1,0,1
MFAP2,0,1,1
KLHL25,0,1,1
ST8SIA4,0,1,1
IFRD1,0,1,1
SLC27A6,1,0,1
OSBPL9,1,0,1
OSBPL8,1,0,1
RPS3A,1,0,1
HBZ,1,0,1
RAB31,1,0,1
SNRPE,1,0,1
GNG10,1,0,1
POMK,1,0,1
NDUFB3,1,0,1
BCL7A,1,0,1
MAN2A2,1,0,1
CYP7B1,1,0,1
SNRPN,1,0,1
TSKU,1,0,1
FAM102A,1,0,1
RPL37A,1,0,1
RPL27A,1,0,1
SCOC,1,0,1
SYDE2,0,1,1
PNP,0,1,1
PRAG1,0,1,1
SCG3,1,0,1
RPP40,1,0,1
SBNO1,1,0,1
HCN1,1,0,1
CARTPT,1,0,1
DNPEP,1,0,1
OGFR,1,0,1
HHAT,0,1,1
JCHAIN,1,0,1
BPI,1,0,1
LAT2,1,0,1
ASPSCR1,0,1,1
HAGH,1,0,1
IZUMO1R,1,0,1
PC,1,0,1
UBE2C,1,0,1
SMS,1,0,1
STEAP4,1,0,1
NAT1,1,0,1
MT2A,1,0,1
CCN5,1,0,1
ANO7,1,0,1
MUC20,1,0,1
GALNT8,0,1,1
GLDN,0,1,1
C1QTNF1,0,1,1
ARHGAP10,0,1,1
COL8A2,0,1,1
COL6A6,0,1,1
COL6A5,0,1,1
GPR65,0,1,1
LYPD3,0,1,1
SLC24A1,1,0,1
GSTM4,1,0,1
GLDC,1,0,1
SOHLH1,0,1,1
SNTB1,0,1,1
REEP5,0,1,1
HAL,1,0,1
HACL1,1,0,1
C1S,1,0,1
ITIH4,1,0,1
AP3M1,1,0,1
GBE1,1,0,1
COQ7,1,0,1
APCS,1,0,1
CPQ,1,0,1
CPB2,1,0,1
AADAC,1,0,1
SLCO2A1,1,0,1
TPI1,1,0,1
MDH1,1,0,1
ONECUT3,1,0,1
SLC6A1,1,0,1
CRAT,1,0,1
ACOT1,1,0,1
THSD7A,1,0,1
AMIGO2,1,0,1
PIGK,1,0,1
ERAP1,1,0,1
SEL1L,1,0,1
SPO11,1,0,1
SLC37A4,1,0,1
TARS1,1,0,1
NAPA,1,0,1
SLC35A2,1,0,1
MCCC1,1,0,1
MT1X,1,0,1
HGFAC,1,0,1
GCNT3,1,0,1
PABPC4,0,1,1
SH3BP1,0,1,1
NUCB2,0,1,1
SOAT2,1,0,1
CLTRN,1,0,1
ACAT2,1,0,1
ZNF155,1,0,1
UROD,1,0,1
SLC22A11,1,0,1
PLA1A,1,0,1
TMOD2,1,0,1
HNMT,1,0,1
PAFAH2,1,0,1
HSD17B2,1,0,1
ELOVL7,1,0,1
CIDEC,1,0,1
SUPT20H,0,1,1
TLX3,0,1,1
TLR10,0,1,1
RWDD3,0,1,1
RUVBL2,0,1,1
CDC42EP2,1,0,1
DLG5,1,0,1
AEBP1,1,0,1
DENND4C,1,0,1
AKAP4,1,0,1
TNFAIP8L2,1,0,1
ATAT1,1,0,1
PSMB10,1,0,1
PSME2,1,0,1
SLC22A6,1,0,1
PACSIN3,0,1,1
TXN2,1,0,1
CAPN10,1,0,1
IGSF1,0,1,1
IGFBPL1,0,1,1
ZBTB7A,0,1,1
TREML4,0,1,1
PI16,0,1,1
PHYHIP,0,1,1
PHIP,0,1,1
IGSF10,0,1,1
DEFB103A,1,0,1
TCP1,1,0,1
CKMT2,1,0,1
SNX2,1,0,1
HAS3,1,0,1
GLE1,1,0,1
OSGIN1,1,0,1
MTHFD2,1,0,1
ZIC3,0,1,1
ZNF143,0,1,1
SNF8,0,1,1
MSMB,0,1,1
MSL1,0,1,1
CBR3,1,0,1
USP47,1,0,1
GTF3C4,1,0,1
EXOC8,1,0,1
YTHDF2,1,0,1
PHLDB1,1,0,1
RAI14,1,0,1
RBPMS,1,0,1
PFAS,1,0,1
SLC34A3,1,0,1
SLC34A1,1,0,1
IL17RD,0,1,1
IL17B,0,1,1
GTF2H2,0,1,1
GTF2H1,0,1,1
GAS7,0,1,1
APPBP2,0,1,1
COLEC11,0,1,1
COX6B1,1,0,1
COX6A1,1,0,1
COX5A,1,0,1
ATP5MC3,1,0,1
ATP5MC2,1,0,1
ATP5MC1,1,0,1
RGN,1,0,1
TNFRSF9,1,0,1
CCDC88C,1,0,1
PDE6A,1,0,1
CORIN,0,1,1
GNL3,0,1,1
APIP,0,1,1
TSFM,1,0,1
UROS,1,0,1
VDAC3,1,0,1
TOMM20,1,0,1
TFB1M,1,0,1
SLC46A1,1,0,1
COX8A,1,0,1
COX7B,1,0,1
KCNAB1,0,1,1
COX6C,1,0,1
PGA5,1,0,1
BYSL,1,0,1
CHGB,1,0,1
LRP12,1,0,1
DEFA6,1,0,1
DEFA5,1,0,1
DMBT1,1,0,1
UQCRB,1,0,1
DISP3,0,1,1
DISP2,0,1,1
DNMBP,0,1,1
DNER,0,1,1
TSC22D1,0,1,1
FEV,0,1,1
FBXL7,0,1,1
FBXL3,0,1,1
SNAPC1,1,0,1
FBXL15,0,1,1
FBXL12,0,1,1
CHRNG,1,0,1
CNP,1,0,1
ATG101,0,1,1
CDO1,0,1,1
EIF1AX,1,0,1
TEX101,1,0,1
LRRTM3,1,0,1
SORCS3,1,0,1
VGF,1,0,1
P2RX3,1,0,1
NSG1,1,0,1
PRSS8,1,0,1
RAB40A,1,0,1
SIRPB1,1,0,1
VPS33B,1,0,1
CLEC12A,1,0,1
SV2B,1,0,1
GCC1,0,1,1
ALS2,0,1,1
BBS1,0,1,1
KRT6B,1,0,1
KRT2,1,0,1
SIX2,1,0,1
NUP160,1,0,1
PNMT,1,0,1
TNFAIP2,1,0,1
RRP1B,1,0,1
SLC39A14,1,0,1
KCNK1,1,0,1
DNALI1,1,0,1
MIXL1,1,0,1
QRFPR,1,0,1
TACC2,1,0,1
RMI2,1,0,1
CEP83,1,0,1
MUCL1,1,0,1
CYP4B1,1,0,1
CYP2R1,1,0,1
CYP2C8,1,0,1
CYP2C19,1,0,1
CYP21A2,1,0,1
CYP4F8,1,0,1
RPL22L1,1,0,1
QSOX1,1,0,1
PLOD2,1,0,1
GCHFR,0,1,1
DYDC1,0,1,1
CXCL17,0,1,1
FGD5,0,1,1
FGD4,0,1,1
FGD3,0,1,1
FGD1,0,1,1
COL24A1,1,0,1
ATP5F1E,1,0,1
CTSZ,1,0,1
FBXO30,1,0,1
PTF1A,1,0,1
SLC27A2,1,0,1
CH25H,1,0,1
TEKT2,1,0,1
SPAG6,1,0,1
HMX3,1,0,1
FBXO45,0,1,1
FBXO44,0,1,1
FBXO21,0,1,1
DUSP12,0,1,1
DUOX2,0,1,1
FBXW10,0,1,1
FBXO9,0,1,1
GINS2,1,0,1
PSAT1,1,0,1
SYT13,1,0,1
ABI3BP,1,0,1
DNAJC8,1,0,1
SGPP2,0,1,1
KPNA5,0,1,1
CSRP2,0,1,1
CPNE3,0,1,1
TRPM3,1,0,1
LPCAT4,1,0,1
SEC22B,1,0,1
PIP4K2B,1,0,1
IDH3G,1,0,1
AGPS,1,0,1
BRWD1,1,0,1
SLCO3A1,1,0,1
GALT,1,0,1
DEDD,1,0,1
FXYD3,1,0,1
STAMBPL1,1,0,1
SLC16A3,1,0,1
SQOR,1,0,1
TMEM37,1,0,1
CDH19,0,1,1
CDH18,0,1,1
CDH12,0,1,1
SYT4,1,0,1
DCP1A,1,0,1
EPS8L2,1,0,1
SULT4A1,1,0,1
SHARPIN,1,0,1
MAGEA11,1,0,1
GRHL1,1,0,1
THOC1,1,0,1
LAD1,1,0,1
RBSN,1,0,1
MYL4,1,0,1
SLC8A1,1,0,1
DEFB106A,0,1,1
TAF15,1,0,1
EYA2,0,1,1
EXTL1,0,1,1
POMGNT1,1,0,1
LPCAT2,1,0,1
PDE4A,1,0,1
HSPA1L,1,0,1
DAZL,1,0,1
PWP1,1,0,1
SNX14,0,1,1
HTATIP2,0,1,1
EIF3G,1,0,1
FAM107A,0,1,1
CYFIP1,0,1,1
CDH24,0,1,1
CDH20,0,1,1
BST2,0,1,1
BST1,0,1,1
FHL5,0,1,1
DCTPP1,0,1,1
DCTN2,0,1,1
CREB3L2,1,0,1
TPD52,1,0,1
RETREG1,1,0,1
HOMER3,1,0,1
LRRC7,1,0,1
FBXO43,1,0,1
SCARF1,1,0,1
TBC1D3,1,0,1
PHACTR2,1,0,1
ALPG,1,0,1
SNRPB,1,0,1
RAB10,1,0,1
TAF4,0,1,1
RPS11,1,0,1
CYB5R3,1,0,1
VTA1,1,0,1
RNASE3,1,0,1
CA1,1,0,1
EID3,1,0,1
PYGO1,1,0,1
LITAF,1,0,1
IYD,1,0,1
MGA,1,0,1
URI1,1,0,1
ARHGAP21,0,1,1
ARHGAP15,0,1,1
ETFBKMT,0,1,1
CSH1,0,1,1
SASH1,1,0,1
POLDIP3,1,0,1
VGLL1,1,0,1
CDK10,0,1,1
CDH7,0,1,1
PHKB,1,0,1
RBM7,1,0,1
PSMC4,1,0,1
ITM2A,1,0,1
HBD,1,0,1
MYOF,1,0,1
SLC5A3,1,0,1
ADCY4,1,0,1
ADCY10,1,0,1
ARF3,1,0,1
ABI2,1,0,1
AGL,1,0,1
TBC1D10A,1,0,1
PIP4K2C,1,0,1
ISCU,1,0,1
DAP,1,0,1
SEMG2,1,0,1
PIK3C2G,1,0,1
DEPDC5,1,0,1
BDP1,1,0,1
MSLN,1,0,1
MED20,1,0,1
MT1G,1,0,1
ISYNA1,1,0,1
PNN,1,0,1
CNKSR2,0,1,1
CNKSR3,0,1,1
DEFB1,0,1,1
CTSE,0,1,1
APOD,0,1,1
APOC1,0,1,1
JPH3,1,0,1
MOCOS,1,0,1
SLC17A3,1,0,1
HSPB7,1,0,1
HIP1R,1,0,1
RPL7,1,0,1
PLA2R1,1,0,1
TNNI1,1,0,1
ADSS1,1,0,1
ELL,1,0,1
E2F8,1,0,1
CRISP2,0,1,1
CREBRF,0,1,1
ELF5,0,1,1
CERK,0,1,1
SP110,1,0,1
IFI44,1,0,1
DDX18,1,0,1
ISG20,1,0,1
GLIPR2,1,0,1
GINS1,1,0,1
MYL5,1,0,1
LY86,0,1,1
VCPKMT,1,0,1
MCFD2,1,0,1
TSNAX,1,0,1
SMC6,1,0,1
ATP1B2,1,0,1
CNTROB,1,0,1
RAB6B,1,0,1
RAB6A,1,0,1
TBC1D15,1,0,1
RMDN3,1,0,1
ARFGAP2,1,0,1
TIMM17A,1,0,1
SNX3,1,0,1
DNAJA1,1,0,1
OSTN,0,1,1
ARF4,1,0,1
ATP5F1A,1,0,1
CFP,0,1,1
ADAMTS3,0,1,1
CRISP3,0,1,1
ZNF268,1,0,1
SPTA1,1,0,1
RUNX1T1,1,0,1
AGGF1,1,0,1
IL17RE,1,0,1
LRTM2,1,0,1
BTNL9,1,0,1
MGAT5,1,0,1
C8G,1,0,1
DBH,1,0,1
TREML1,1,0,1
ADGRF5,1,0,1
ISLR,1,0,1
ASPA,1,0,1
USP3,0,1,1
DNAJC12,1,0,1
FOXN2,1,0,1
DYNC1I1,1,0,1
DMC1,0,1,1
DLX4,0,1,1
BICDL1,0,1,1
DOCK10,0,1,1
DOC2A,0,1,1
CEP72,0,1,1
HMG20B,1,0,1
SCG2,1,0,1
PANX2,1,0,1
CCM2,1,0,1
SUV39H2,1,0,1
LRP10,1,0,1
POLR2E,1,0,1
SULT2A1,1,0,1
LARS2,1,0,1
IARS1,1,0,1
CARS2,1,0,1
CARS1,1,0,1
DARS2,1,0,1
AARS2,1,0,1
AARS1,1,0,1
YTHDC2,1,0,1
ST3GAL5,1,0,1
ARNT2,1,0,1
RBM8A,1,0,1
SRPRB,1,0,1
SRPRA,1,0,1
PGRMC2,1,0,1
MYO1C,1,0,1
EXOC2,1,0,1
KCNN1,1,0,1
SCAMP3,1,0,1
MPHOSPH6,1,0,1
EIF1B,1,0,1
MPP5,1,0,1
PPFIBP1,1,0,1
CAVIN2,1,0,1
ATP1A3,1,0,1
NUCB1,1,0,1
YARS2,1,0,1
YARS1,1,0,1
WARS2,1,0,1
SARS2,1,0,1
TARS2,1,0,1
NARS2,1,0,1
NARS1,1,0,1
PPIE,1,0,1
CLP1,1,0,1
CLDN14,0,1,1
ARHGAP28,0,1,1
ARHGAP27,0,1,1
AP1S1,1,0,1
ENPP2,1,0,1
CCNB2,1,0,1
MLLT6,1,0,1
TECTB,1,0,1
BTN2A2,1,0,1
MEP1A,1,0,1
FUT2,1,0,1
ZBTB33,1,0,1
AFF3,1,0,1
PLEKHA6,1,0,1
NAALAD2,1,0,1
FANCF,1,0,1
TDRD1,1,0,1
PSMD9,1,0,1
CPSF3,1,0,1
DTD1,1,0,1
RHBDF2,1,0,1
TSPAN14,1,0,1
GPNMB,1,0,1
CXCR6,1,0,1
GYPA,1,0,1
SLC1A2,1,0,1
ADGRL4,1,0,1
SH3GL3,1,0,1
LDB3,1,0,1
NCALD,1,0,1
CIDEA,0,1,1
DPH5,0,1,1
CXCL14,0,1,1
CD177,0,1,1
CPAMD8,0,1,1
DLK2,0,1,1
FKBP6,0,1,1
LILRA4,1,0,1
SLC16A7,1,0,1
ACO2,1,0,1
SYNCRIP,1,0,1
NIPBL,1,0,1
KLRG1,1,0,1
LBP,1,0,1
ADH1C,1,0,1
TRHDE,1,0,1
ASB4,0,1,1
ASB11,0,1,1
DNAJB9,0,1,1
CLEC3A,0,1,1
CLEC2A,0,1,1
CTPS2,1,0,1
COMMD1,1,0,1
USH2A,1,0,1
FECH,1,0,1
GPR182,1,0,1
ETFB,1,0,1
RRAS2,1,0,1
RHOD,0,1,1
RHOBTB1,0,1,1
NANOS1,0,1,1
PRND,0,1,1
RIOK1,1,0,1
SERINC3,1,0,1
SEPTIN2,1,0,1
GGA1,1,0,1
IP6K2,1,0,1
EXOSC9,1,0,1
ANP32B,1,0,1
PGRMC1,1,0,1
ANXA9,1,0,1
LEMD3,1,0,1
JADE1,1,0,1
CASQ1,1,0,1
ABCE1,0,1,1
CAB39,0,1,1
ACAA2,0,1,1
ASB9,0,1,1
STARD10,1,0,1
CLMP,0,1,1
CUBN,0,1,1
FABP5,0,1,1
FAAP100,0,1,1
CARD16,0,1,1
CAPNS1,0,1,1
ANGPTL7,0,1,1
ABAT,0,1,1
CSAG2,0,1,1
ZC3H8,1,0,1
NCAPH,1,0,1
PDCL,1,0,1
SUB1,1,0,1
PSMD3,1,0,1
SHOX,1,0,1
KIF20B,1,0,1
ANKLE2,0,1,1
ADRM1,0,1,1
AGTRAP,0,1,1
NDUFS2,1,0,1
NDUFB6,1,0,1
EIF4A3,1,0,1
COASY,1,0,1
CCDC106,1,0,1
RPLP1,1,0,1
RPLP0,1,0,1
TMX1,1,0,1
NOP56,1,0,1
COTL1,1,0,1
DDX46,1,0,1
CHD1,1,0,1
PRLH,0,1,1
PPID,0,1,1
PURA,0,1,1
SRSF9,1,0,1
TFPT,1,0,1
NCAPD3,1,0,1
RBBP5,1,0,1
VGLL4,1,0,1
NDUFA12,1,0,1
POM121,1,0,1
RCC1,1,0,1
RAB11FIP3,1,0,1
TEX14,1,0,1
OSBPL11,1,0,1
NUP210,1,0,1
NDUFV3,1,0,1
SPTLC1,1,0,1
SHE,1,0,1
MSH5,1,0,1
PRDX5,1,0,1
SGCG,1,0,1
HLF,1,0,1
SPRR2A,1,0,1
A1BG,1,0,1
FBL,1,0,1
ASPN,1,0,1
MLLT1,1,0,1
DTYMK,1,0,1
DNTTIP2,1,0,1
EPHX1,1,0,1
SLC7A1,1,0,1
MTURN,1,0,1
SLC40A1,1,0,1
SUDS3,1,0,1
EFHD2,1,0,1
CORO1A,1,0,1
ZHX3,1,0,1
SRSF6,1,0,1
TSPYL2,1,0,1
NUP133,1,0,1
HIRA,1,0,1
POLM,1,0,1
RPL12,1,0,1
MLF2,1,0,1
ING5,1,0,1
ARID4A,1,0,1
CUL4B,1,0,1
WASF3,1,0,1
TTYH1,1,0,1
FA2H,1,0,1
ANO9,0,1,1
CCAR1,0,1,1
CC2D1B,0,1,1
CBX7,0,1,1
ANXA7,0,1,1
ANXA6,0,1,1
CDC42EP3,0,1,1
ALYREF,1,0,1
CLEC10A,1,0,1
PI4K2B,1,0,1
KIFAP3,1,0,1
FAN1,1,0,1
GLRA2,1,0,1
IRF6,1,0,1
GPS1,1,0,1
C2CD5,1,0,1
PYGO2,1,0,1
MED13L,1,0,1
TAF1C,1,0,1
CLDN12,1,0,1
SLC52A2,1,0,1
ADGRE2,1,0,1
PCSK4,1,0,1
IGSF6,1,0,1
RAB13,1,0,1
DCTN4,1,0,1
MTX2,1,0,1
TBC1D25,1,0,1
NSUN2,1,0,1
SKA1,1,0,1
NIBAN1,1,0,1
FSTL1,1,0,1
CASTOR1,1,0,1
BEX1,1,0,1
ARFIP2,1,0,1
SOX7,1,0,1
CLTA,1,0,1
TM4SF1,1,0,1
DENND2B,1,0,1
ATP2A3,1,0,1
EDA2R,1,0,1
RYR3,1,0,1
NAXE,1,0,1
XRCC2,1,0,1
TREX1,1,0,1
POLN,1,0,1
